%-0.7038	1.44541	25.8463	-0.313043	1.35111	1.48117	-0.7038	1.44516	0.0216104	-1.18815	1.41951	71.3794	-1.18815	1.42471	3.2242	-1.18815	1.42533	0.939153	-1.18815	1.42464	2.5029	-0.293948	1.25128	4.13704	-0.7038	1.43842	0.18979	-0.7038	1.43873	0.200321	-1.18815	1.42389	1.14516	-0.313043	1.35593	0.24728	-0.701994	1.44541	0.113867	-1.18815	1.42211	0.469864	-0.253798	0.894272	1.37259	-0.313043	1.37445	4.95225	-0.7038	1.44371	0.067308	-0.7038	1.44224	0.14923	-1.18815	1.42496	0.158289	-1.18815	1.42666	0.0190179	-0.32044	1.37445	0.0555021	-1.18815	1.42657	0.0164771	-0.296659	1.11296	2.73721	-1.18823	1.41951	0.0130475	-0.730904	1.0226	3.74824	-0.293948	1.27706	0.087896	-1.18815	1.42008	0.0100649	-0.167673	-0.473295	0.000975137	-1.6414	0.299761	0.000202834	
-2	-1	-2.47305
-2	-0.95	-2.47305
-2	-0.9	-2.47305
-2	-0.85	-2.47305
-2	-0.8	-2.47305
-2	-0.75	-2.47305
-2	-0.7	-2.47305
-2	-0.65	-2.47305
-2	-0.6	-2.47305
-2	-0.55	-2.47305
-2	-0.5	-2.47305
-2	-0.45	-2.47305
-2	-0.4	-2.47257
-2	-0.35	-2.44281
-2	-0.3	-2.39035
-2	-0.25	-2.35529
-2	-0.2	-2.3447
-2	-0.15	-2.37237
-2	-0.1	-2.46307
-2	-0.05	-2.66422
-2	3.19189e-16	-3.11121
-2	0.05	-4.30802
-2	0.1	-6.43881
-2	0.15	-8.4335
-2	0.2	-10.2025
-2	0.25	-11.7699
-2	0.3	-13.1578
-2	0.35	-14.386
-2	0.4	-15.4719
-2	0.45	-16.4315
-2	0.5	-17.2787
-2	0.55	-18.026
-2	0.6	-18.6848
-2	0.65	-19.2651
-2	0.7	-19.7758
-2	0.75	-20.2251
-2	0.8	-20.6201
-2	0.85	-20.9673
-2	0.9	-21.2725
-2	0.95	-21.5408
-2	1	-21.7767
-2	1.05	-21.9843
-2	1.1	-22.1669
-2	1.15	-22.3278
-2	1.2	-22.4697
-2	1.25	-22.5948
-2	1.3	-22.7052
-2	1.35	-22.8028
-2	1.4	-22.889
-2	1.45	-22.9654
-2	1.5	-23.0329
-2	1.55	-23.0928
-2	1.6	-23.1459
-2	1.65	-23.1929
-2	1.7	-23.2347
-2	1.75	-23.2718
-2	1.8	-23.3047
-2	1.85	-23.3339
-2	1.9	-23.3599
-2	1.95	-23.3831
-1.95	-1	-2.37855
-1.95	-0.95	-2.37855
-1.95	-0.9	-2.37855
-1.95	-0.85	-2.37855
-1.95	-0.8	-2.37855
-1.95	-0.75	-2.37855
-1.95	-0.7	-2.37855
-1.95	-0.65	-2.37855
-1.95	-0.6	-2.37855
-1.95	-0.55	-2.37855
-1.95	-0.5	-2.37855
-1.95	-0.45	-2.37855
-1.95	-0.4	-2.37754
-1.95	-0.35	-2.33532
-1.95	-0.3	-2.26539
-1.95	-0.25	-2.20801
-1.95	-0.2	-2.16755
-1.95	-0.15	-2.15212
-1.95	-0.1	-2.17267
-1.95	-0.05	-2.25105
-1.95	3.19189e-16	-2.4266
-1.95	0.05	-2.80664
-1.95	0.1	-3.79433
-1.95	0.15	-5.85643
-1.95	0.2	-7.89297
-1.95	0.25	-9.70027
-1.95	0.3	-11.3017
-1.95	0.35	-12.72
-1.95	0.4	-13.9751
-1.95	0.45	-15.0851
-1.95	0.5	-16.0661
-1.95	0.55	-16.9323
-1.95	0.6	-17.6966
-1.95	0.65	-18.3704
-1.95	0.7	-18.964
-1.95	0.75	-19.4865
-1.95	0.8	-19.9461
-1.95	0.85	-20.3502
-1.95	0.9	-20.7053
-1.95	0.95	-21.0173
-1.95	1	-21.2914
-1.95	1.05	-21.5323
-1.95	1.1	-21.744
-1.95	1.15	-21.9302
-1.95	1.2	-22.094
-1.95	1.25	-22.2382
-1.95	1.3	-22.3653
-1.95	1.35	-22.4774
-1.95	1.4	-22.5763
-1.95	1.45	-22.6636
-1.95	1.5	-22.7408
-1.95	1.55	-22.8091
-1.95	1.6	-22.8696
-1.95	1.65	-22.9231
-1.95	1.7	-22.9706
-1.95	1.75	-23.0126
-1.95	1.8	-23.0499
-1.95	1.85	-23.0831
-1.95	1.9	-23.1125
-1.95	1.95	-23.1386
-1.9	-1	-2.30423
-1.9	-0.95	-2.30423
-1.9	-0.9	-2.30423
-1.9	-0.85	-2.30423
-1.9	-0.8	-2.30423
-1.9	-0.75	-2.30423
-1.9	-0.7	-2.30423
-1.9	-0.65	-2.30423
-1.9	-0.6	-2.30423
-1.9	-0.55	-2.30423
-1.9	-0.5	-2.30423
-1.9	-0.45	-2.30422
-1.9	-0.4	-2.30259
-1.9	-0.35	-2.25014
-1.9	-0.3	-2.16848
-1.9	-0.25	-2.0955
-1.9	-0.2	-2.03725
-1.9	-0.15	-1.99552
-1.9	-0.1	-1.97961
-1.9	-0.05	-1.99951
-1.9	3.19189e-16	-2.07586
-1.9	0.05	-2.24029
-1.9	0.1	-2.58934
-1.9	0.15	-3.4925
-1.9	0.2	-5.50108
-1.9	0.25	-7.55585
-1.9	0.3	-9.38036
-1.9	0.35	-10.9972
-1.9	0.4	-12.429
-1.9	0.45	-13.6963
-1.9	0.5	-14.8171
-1.9	0.55	-15.8077
-1.9	0.6	-16.6825
-1.9	0.65	-17.4544
-1.9	0.7	-18.135
-1.9	0.75	-18.7346
-1.9	0.8	-19.2624
-1.9	0.85	-19.7267
-1.9	0.9	-20.1349
-1.9	0.95	-20.4935
-1.9	1	-20.8086
-1.9	1.05	-21.0853
-1.9	1.1	-21.3284
-1.9	1.15	-21.5419
-1.9	1.2	-21.7296
-1.9	1.25	-21.8946
-1.9	1.3	-22.0398
-1.9	1.35	-22.1677
-1.9	1.4	-22.2803
-1.9	1.45	-22.3797
-1.9	1.5	-22.4674
-1.9	1.55	-22.5449
-1.9	1.6	-22.6133
-1.9	1.65	-22.6739
-1.9	1.7	-22.7275
-1.9	1.75	-22.775
-1.9	1.8	-22.817
-1.9	1.85	-22.8543
-1.9	1.9	-22.8874
-1.9	1.95	-22.9168
-1.85	-1	-2.24578
-1.85	-0.95	-2.24578
-1.85	-0.9	-2.24578
-1.85	-0.85	-2.24578
-1.85	-0.8	-2.24578
-1.85	-0.75	-2.24578
-1.85	-0.7	-2.24578
-1.85	-0.65	-2.24578
-1.85	-0.6	-2.24578
-1.85	-0.55	-2.24578
-1.85	-0.5	-2.24578
-1.85	-0.45	-2.24577
-1.85	-0.4	-2.2434
-1.85	-0.35	-2.1824
-1.85	-0.3	-2.09215
-1.85	-0.25	-2.00863
-1.85	-0.2	-1.93761
-1.85	-0.15	-1.87914
-1.85	-0.1	-1.8394
-1.85	-0.05	-1.82462
-1.85	3.19189e-16	-1.84623
-1.85	0.05	-1.91976
-1.85	0.1	-2.08136
-1.85	0.15	-2.43596
-1.85	0.2	-3.35736
-1.85	0.25	-5.38093
-1.85	0.3	-7.42961
-1.85	0.35	-9.24845
-1.85	0.4	-10.8603
-1.85	0.45	-12.2878
-1.85	0.5	-13.5512
-1.85	0.55	-14.6686
-1.85	0.6	-15.6562
-1.85	0.65	-16.5283
-1.85	0.7	-17.2979
-1.85	0.75	-17.9765
-1.85	0.8	-18.5743
-1.85	0.85	-19.1005
-1.85	0.9	-19.5635
-1.85	0.95	-19.9704
-1.85	1	-20.328
-1.85	1.05	-20.6422
-1.85	1.1	-20.918
-1.85	1.15	-21.1603
-1.85	1.2	-21.3731
-1.85	1.25	-21.5601
-1.85	1.3	-21.7245
-1.85	1.35	-21.8691
-1.85	1.4	-21.9964
-1.85	1.45	-22.1085
-1.85	1.5	-22.2073
-1.85	1.55	-22.2945
-1.85	1.6	-22.3715
-1.85	1.65	-22.4396
-1.85	1.7	-22.4997
-1.85	1.75	-22.5529
-1.85	1.8	-22.6001
-1.85	1.85	-22.6418
-1.85	1.9	-22.6788
-1.85	1.95	-22.7117
-1.8	-1	-2.19528
-1.8	-0.95	-2.19528
-1.8	-0.9	-2.19528
-1.8	-0.85	-2.19528
-1.8	-0.8	-2.19528
-1.8	-0.75	-2.19528
-1.8	-0.7	-2.19528
-1.8	-0.65	-2.19528
-1.8	-0.6	-2.19528
-1.8	-0.55	-2.19528
-1.8	-0.5	-2.19528
-1.8	-0.45	-2.19528
-1.8	-0.4	-2.19198
-1.8	-0.35	-2.1236
-1.8	-0.3	-2.02672
-1.8	-0.25	-1.93617
-1.8	-0.2	-1.85498
-1.8	-0.15	-1.7859
-1.8	-0.1	-1.7303
-1.8	-0.05	-1.69508
-1.8	3.19189e-16	-1.68489
-1.8	0.05	-1.70978
-1.8	0.1	-1.7871
-1.8	0.15	-1.95813
-1.8	0.2	-2.33913
-1.8	0.25	-3.34497
-1.8	0.3	-5.41425
-1.8	0.35	-7.44272
-1.8	0.4	-9.24264
-1.8	0.45	-10.8375
-1.8	0.5	-12.2498
-1.8	0.55	-13.4996
-1.8	0.6	-14.6049
-1.8	0.65	-15.5817
-1.8	0.7	-16.4441
-1.8	0.75	-17.2051
-1.8	0.8	-17.8759
-1.8	0.85	-18.4669
-1.8	0.9	-18.9871
-1.8	0.95	-19.4446
-1.8	1	-19.8468
-1.8	1.05	-20.2001
-1.8	1.1	-20.5105
-1.8	1.15	-20.783
-1.8	1.2	-21.0223
-1.8	1.25	-21.2325
-1.8	1.3	-21.4171
-1.8	1.35	-21.5794
-1.8	1.4	-21.7221
-1.8	1.45	-21.8477
-1.8	1.5	-21.9584
-1.8	1.55	-22.0558
-1.8	1.6	-22.1418
-1.8	1.65	-22.2177
-1.8	1.7	-22.2848
-1.8	1.75	-22.3441
-1.8	1.8	-22.3965
-1.8	1.85	-22.4429
-1.8	1.9	-22.4841
-1.8	1.95	-22.5205
-1.75	-1	-2.1545
-1.75	-0.95	-2.1545
-1.75	-0.9	-2.1545
-1.75	-0.85	-2.1545
-1.75	-0.8	-2.1545
-1.75	-0.75	-2.1545
-1.75	-0.7	-2.1545
-1.75	-0.65	-2.1545
-1.75	-0.6	-2.1545
-1.75	-0.55	-2.1545
-1.75	-0.5	-2.1545
-1.75	-0.45	-2.15449
-1.75	-0.4	-2.15007
-1.75	-0.35	-2.07506
-1.75	-0.3	-1.97314
-1.75	-0.25	-1.87747
-1.75	-0.2	-1.78846
-1.75	-0.15	-1.71126
-1.75	-0.1	-1.64465
-1.75	-0.05	-1.59427
-1.75	3.19189e-16	-1.56413
-1.75	0.05	-1.55962
-1.75	0.1	-1.58894
-1.75	0.15	-1.67445
-1.75	0.2	-1.86604
-1.75	0.25	-2.28925
-1.75	0.3	-3.442
-1.75	0.35	-5.55599
-1.75	0.4	-7.55352
-1.75	0.45	-9.32507
-1.75	0.5	-10.8946
-1.75	0.55	-12.2842
-1.75	0.6	-13.5137
-1.75	0.65	-14.6009
-1.75	0.7	-15.5614
-1.75	0.75	-16.4094
-1.75	0.8	-17.1574
-1.75	0.85	-17.8168
-1.75	0.9	-18.3974
-1.75	0.95	-18.9084
-1.75	1	-19.3578
-1.75	1.05	-19.7527
-1.75	1.1	-20.0997
-1.75	1.15	-20.4043
-1.75	1.2	-20.6718
-1.75	1.25	-20.9066
-1.75	1.3	-21.1129
-1.75	1.35	-21.294
-1.75	1.4	-21.4532
-1.75	1.45	-21.5932
-1.75	1.5	-21.7163
-1.75	1.55	-21.8248
-1.75	1.6	-21.9204
-1.75	1.65	-22.0046
-1.75	1.7	-22.079
-1.75	1.75	-22.1447
-1.75	1.8	-22.2028
-1.75	1.85	-22.2542
-1.75	1.9	-22.2997
-1.75	1.95	-22.34
-1.7	-1	-2.12009
-1.7	-0.95	-2.12009
-1.7	-0.9	-2.12009
-1.7	-0.85	-2.12009
-1.7	-0.8	-2.12009
-1.7	-0.75	-2.12009
-1.7	-0.7	-2.12009
-1.7	-0.65	-2.12009
-1.7	-0.6	-2.12009
-1.7	-0.55	-2.12009
-1.7	-0.5	-2.12009
-1.7	-0.45	-2.12008
-1.7	-0.4	-2.11425
-1.7	-0.35	-2.03317
-1.7	-0.3	-1.92747
-1.7	-0.25	-1.82776
-1.7	-0.2	-1.73338
-1.7	-0.15	-1.64971
-1.7	-0.1	-1.57596
-1.7	-0.05	-1.51495
-1.7	3.19189e-16	-1.471
-1.7	0.05	-1.44488
-1.7	0.1	-1.44468
-1.7	0.15	-1.48148
-1.7	0.2	-1.5831
-1.7	0.25	-1.80513
-1.7	0.3	-2.28309
-1.7	0.35	-3.59784
-1.7	0.4	-5.73879
-1.7	0.45	-7.70123
-1.7	0.5	-9.44118
-1.7	0.55	-10.9826
-1.7	0.6	-12.3473
-1.7	0.65	-13.5546
-1.7	0.7	-14.622
-1.7	0.75	-15.5648
-1.7	0.8	-16.397
-1.7	0.85	-17.1309
-1.7	0.9	-17.7776
-1.7	0.95	-18.347
-1.7	1	-18.8479
-1.7	1.05	-19.2883
-1.7	1.1	-19.6752
-1.7	1.15	-20.0149
-1.7	1.2	-20.3131
-1.7	1.25	-20.5749
-1.7	1.3	-20.8047
-1.7	1.35	-21.0064
-1.7	1.4	-21.1836
-1.7	1.45	-21.3392
-1.7	1.5	-21.476
-1.7	1.55	-21.5964
-1.7	1.6	-21.7024
-1.7	1.65	-21.7958
-1.7	1.7	-21.8781
-1.7	1.75	-21.9508
-1.7	1.8	-22.015
-1.7	1.85	-22.0717
-1.7	1.9	-22.1219
-1.7	1.95	-22.1663
-1.65	-1	-2.09234
-1.65	-0.95	-2.09234
-1.65	-0.9	-2.09234
-1.65	-0.85	-2.09234
-1.65	-0.8	-2.09234
-1.65	-0.75	-2.09234
-1.65	-0.7	-2.09234
-1.65	-0.65	-2.09234
-1.65	-0.6	-2.09234
-1.65	-0.55	-2.09234
-1.65	-0.5	-2.09234
-1.65	-0.45	-2.09232
-1.65	-0.4	-2.08473
-1.65	-0.35	-1.99801
-1.65	-0.3	-1.88947
-1.65	-0.25	-1.78644
-1.65	-0.2	-1.68834
-1.65	-0.15	-1.59888
-1.65	-0.1	-1.5194
-1.65	-0.05	-1.44983
-1.65	3.19189e-16	-1.39534
-1.65	0.05	-1.35589
-1.65	0.1	-1.3351
-1.65	0.15	-1.34149
-1.65	0.2	-1.39157
-1.65	0.25	-1.51348
-1.65	0.3	-1.75671
-1.65	0.35	-2.30815
-1.65	0.4	-3.80979
-1.65	0.45	-5.94573
-1.65	0.5	-7.87185
-1.65	0.55	-9.57911
-1.65	0.6	-11.0913
-1.65	0.65	-12.4298
-1.65	0.7	-13.6137
-1.65	0.75	-14.6601
-1.65	0.8	-15.5843
-1.65	0.85	-16.3998
-1.65	0.9	-17.1187
-1.65	0.95	-17.752
-1.65	1	-18.3094
-1.65	1.05	-18.7996
-1.65	1.1	-19.2303
-1.65	1.15	-19.6086
-1.65	1.2	-19.9407
-1.65	1.25	-20.2322
-1.65	1.3	-20.4879
-1.65	1.35	-20.7123
-1.65	1.4	-20.9092
-1.65	1.45	-21.0821
-1.65	1.5	-21.234
-1.65	1.55	-21.3675
-1.65	1.6	-21.4849
-1.65	1.65	-21.5882
-1.65	1.7	-21.6793
-1.65	1.75	-21.7596
-1.65	1.8	-21.8304
-1.65	1.85	-21.893
-1.65	1.9	-21.9483
-1.65	1.95	-21.9972
-1.6	-1	-2.06883
-1.6	-0.95	-2.06883
-1.6	-0.9	-2.06883
-1.6	-0.85	-2.06883
-1.6	-0.8	-2.06883
-1.6	-0.75	-2.06883
-1.6	-0.7	-2.06883
-1.6	-0.65	-2.06883
-1.6	-0.6	-2.06883
-1.6	-0.55	-2.06883
-1.6	-0.5	-2.06883
-1.6	-0.45	-2.06881
-1.6	-0.4	-2.059
-1.6	-0.35	-1.967
-1.6	-0.3	-1.85621
-1.6	-0.25	-1.75024
-1.6	-0.2	-1.64954
-1.6	-0.15	-1.55558
-1.6	-0.1	-1.47189
-1.6	-0.05	-1.3967
-1.6	3.19189e-16	-1.33457
-1.6	0.05	-1.28507
-1.6	0.1	-1.24933
-1.6	0.15	-1.2351
-1.6	0.2	-1.25512
-1.6	0.25	-1.31897
-1.6	0.3	-1.4572
-1.6	0.35	-1.72537
-1.6	0.4	-2.34726
-1.6	0.45	-4.01484
-1.6	0.5	-6.13126
-1.6	0.55	-8.02369
-1.6	0.6	-9.70082
-1.6	0.65	-11.1861
-1.6	0.7	-12.5006
-1.6	0.75	-13.6631
-1.6	0.8	-14.6904
-1.6	0.85	-15.5974
-1.6	0.9	-16.3976
-1.6	0.95	-17.1029
-1.6	1	-17.7239
-1.6	1.05	-18.2703
-1.6	1.1	-18.7507
-1.6	1.15	-19.1726
-1.6	1.2	-19.543
-1.6	1.25	-19.8681
-1.6	1.3	-20.1532
-1.6	1.35	-20.4032
-1.6	1.4	-20.6226
-1.6	1.45	-20.815
-1.6	1.5	-20.9839
-1.6	1.55	-21.1322
-1.6	1.6	-21.2625
-1.6	1.65	-21.3771
-1.6	1.7	-21.478
-1.6	1.75	-21.5668
-1.6	1.8	-21.6451
-1.6	1.85	-21.7142
-1.6	1.9	-21.7752
-1.6	1.95	-21.8291
-1.55	-1	-2.0496
-1.55	-0.95	-2.0496
-1.55	-0.9	-2.0496
-1.55	-0.85	-2.0496
-1.55	-0.8	-2.0496
-1.55	-0.75	-2.0496
-1.55	-0.7	-2.0496
-1.55	-0.65	-2.0496
-1.55	-0.6	-2.0496
-1.55	-0.55	-2.0496
-1.55	-0.5	-2.0496
-1.55	-0.45	-2.04957
-1.55	-0.4	-2.03699
-1.55	-0.35	-1.94016
-1.55	-0.3	-1.82772
-1.55	-0.25	-1.71951
-1.55	-0.2	-1.61691
-1.55	-0.15	-1.51961
-1.55	-0.1	-1.43261
-1.55	-0.05	-1.35309
-1.55	3.19189e-16	-1.28441
-1.55	0.05	-1.22791
-1.55	0.1	-1.18214
-1.55	0.15	-1.15282
-1.55	0.2	-1.15055
-1.55	0.25	-1.1806
-1.55	0.3	-1.25851
-1.55	0.35	-1.40474
-1.55	0.4	-1.69271
-1.55	0.45	-2.37724
-1.55	0.5	-4.1612
-1.55	0.55	-6.25564
-1.55	0.6	-8.12179
-1.55	0.65	-9.77541
-1.55	0.7	-11.2397
-1.55	0.75	-12.5355
-1.55	0.8	-13.6813
-1.55	0.85	-14.6936
-1.55	0.9	-15.5872
-1.55	0.95	-16.3754
-1.55	1	-17.0698
-1.55	1.05	-17.6812
-1.55	1.1	-18.2189
-1.55	1.15	-18.6914
-1.55	1.2	-19.1063
-1.55	1.25	-19.4703
-1.55	1.3	-19.7896
-1.55	1.35	-20.0696
-1.55	1.4	-20.315
-1.55	1.45	-20.5301
-1.55	1.5	-20.7188
-1.55	1.55	-20.8843
-1.55	1.6	-21.0296
-1.55	1.65	-21.1572
-1.55	1.7	-21.2694
-1.55	1.75	-21.3681
-1.55	1.8	-21.455
-1.55	1.85	-21.5316
-1.55	1.9	-21.5991
-1.55	1.95	-21.6587
-1.5	-1	-2.03446
-1.5	-0.95	-2.03446
-1.5	-0.9	-2.03446
-1.5	-0.85	-2.03446
-1.5	-0.8	-2.03446
-1.5	-0.75	-2.03446
-1.5	-0.7	-2.03446
-1.5	-0.65	-2.03446
-1.5	-0.6	-2.03446
-1.5	-0.55	-2.03446
-1.5	-0.5	-2.03446
-1.5	-0.45	-2.03442
-1.5	-0.4	-2.01839
-1.5	-0.35	-1.91723
-1.5	-0.3	-1.80348
-1.5	-0.25	-1.69351
-1.5	-0.2	-1.58931
-1.5	-0.15	-1.48941
-1.5	-0.1	-1.39928
-1.5	-0.05	-1.3169
-1.5	3.19189e-16	-1.24376
-1.5	0.05	-1.18192
-1.5	0.1	-1.12879
-1.5	0.15	-1.08936
-1.5	0.2	-1.07016
-1.5	0.25	-1.07837
-1.5	0.3	-1.11923
-1.5	0.35	-1.20032
-1.5	0.4	-1.34949
-1.5	0.45	-1.64362
-1.5	0.5	-2.35283
-1.5	0.55	-4.18105
-1.5	0.6	-6.26358
-1.5	0.65	-8.11708
-1.5	0.7	-9.75936
-1.5	0.75	-11.2135
-1.5	0.8	-12.5002
-1.5	0.85	-13.6378
-1.5	0.9	-14.6427
-1.5	0.95	-15.5296
-1.5	1	-16.3118
-1.5	1.05	-17.0007
-1.5	1.1	-17.6071
-1.5	1.15	-18.1402
-1.5	1.2	-18.6084
-1.5	1.25	-19.0194
-1.5	1.3	-19.3799
-1.5	1.35	-19.6959
-1.5	1.4	-19.9727
-1.5	1.45	-20.2153
-1.5	1.5	-20.4278
-1.5	1.55	-20.6141
-1.5	1.6	-20.7774
-1.5	1.65	-20.9207
-1.5	1.7	-21.0464
-1.5	1.75	-21.157
-1.5	1.8	-21.2541
-1.5	1.85	-21.3397
-1.5	1.9	-21.415
-1.5	1.95	-21.4814
-1.45	-1	-2.0223
-1.45	-0.95	-2.0223
-1.45	-0.9	-2.0223
-1.45	-0.85	-2.0223
-1.45	-0.8	-2.0223
-1.45	-0.75	-2.0223
-1.45	-0.7	-2.0223
-1.45	-0.65	-2.0223
-1.45	-0.6	-2.0223
-1.45	-0.55	-2.0223
-1.45	-0.5	-2.0223
-1.45	-0.45	-2.02224
-1.45	-0.4	-2.00198
-1.45	-0.35	-1.89705
-1.45	-0.3	-1.78236
-1.45	-0.25	-1.67114
-1.45	-0.2	-1.56582
-1.45	-0.15	-1.46432
-1.45	-0.1	-1.37192
-1.45	-0.05	-1.28731
-1.45	3.19189e-16	-1.21112
-1.45	0.05	-1.14516
-1.45	0.1	-1.08661
-1.45	0.15	-1.04002
-1.45	0.2	-1.00943
-1.45	0.25	-1.00295
-1.45	0.3	-1.01889
-1.45	0.35	-1.06075
-1.45	0.4	-1.13985
-1.45	0.45	-1.28121
-1.45	0.5	-1.55594
-1.45	0.55	-2.22683
-1.45	0.6	-4.01323
-1.45	0.65	-6.10132
-1.45	0.7	-7.96126
-1.45	0.75	-9.60927
-1.45	0.8	-11.0685
-1.45	0.85	-12.3596
-1.45	0.9	-13.501
-1.45	0.95	-14.5094
-1.45	1	-15.3993
-1.45	1.05	-16.1839
-1.45	1.1	-16.875
-1.45	1.15	-17.4831
-1.45	1.2	-18.0176
-1.45	1.25	-18.487
-1.45	1.3	-18.8987
-1.45	1.35	-19.2597
-1.45	1.4	-19.576
-1.45	1.45	-19.8529
-1.45	1.5	-20.0954
-1.45	1.55	-20.3077
-1.45	1.6	-20.4936
-1.45	1.65	-20.6565
-1.45	1.7	-20.7993
-1.45	1.75	-20.9246
-1.45	1.8	-21.0345
-1.45	1.85	-21.1312
-1.45	1.9	-21.2162
-1.45	1.95	-21.2911
-1.4	-1	-2.01342
-1.4	-0.95	-2.01342
-1.4	-0.9	-2.01342
-1.4	-0.85	-2.01342
-1.4	-0.8	-2.01342
-1.4	-0.75	-2.01342
-1.4	-0.7	-2.01342
-1.4	-0.65	-2.01342
-1.4	-0.6	-2.01342
-1.4	-0.55	-2.01342
-1.4	-0.5	-2.01342
-1.4	-0.45	-2.01331
-1.4	-0.4	-1.98795
-1.4	-0.35	-1.87993
-1.4	-0.3	-1.76455
-1.4	-0.25	-1.65249
-1.4	-0.2	-1.54629
-1.4	-0.15	-1.44368
-1.4	-0.1	-1.34968
-1.4	-0.05	-1.26364
-1.4	3.19189e-16	-1.18504
-1.4	0.05	-1.11591
-1.4	0.1	-1.05437
-1.4	0.15	-1.00099
-1.4	0.2	-0.963558
-1.4	0.25	-0.946403
-1.4	0.3	-0.946434
-1.4	0.35	-0.963415
-1.4	0.4	-1.00237
-1.4	0.45	-1.06931
-1.4	0.5	-1.18776
-1.4	0.55	-1.41999
-1.4	0.6	-1.97174
-1.4	0.65	-3.54427
-1.4	0.7	-5.66073
-1.4	0.75	-7.55909
-1.4	0.8	-9.24129
-1.4	0.85	-10.7308
-1.4	0.9	-12.0488
-1.4	0.95	-13.2141
-1.4	1	-14.2434
-1.4	1.05	-15.1519
-1.4	1.1	-15.9529
-1.4	1.15	-16.6583
-1.4	1.2	-17.279
-1.4	1.25	-17.8245
-1.4	1.3	-18.3033
-1.4	1.35	-18.7233
-1.4	1.4	-19.0913
-1.4	1.45	-19.4135
-1.4	1.5	-19.6955
-1.4	1.55	-19.9422
-1.4	1.6	-20.158
-1.4	1.65	-20.3468
-1.4	1.7	-20.512
-1.4	1.75	-20.6567
-1.4	1.8	-20.7836
-1.4	1.85	-20.8948
-1.4	1.9	-20.9925
-1.4	1.95	-21.0783
-1.35	-1	-2.00615
-1.35	-0.95	-2.00615
-1.35	-0.9	-2.00615
-1.35	-0.85	-2.00615
-1.35	-0.8	-2.00615
-1.35	-0.75	-2.00615
-1.35	-0.7	-2.00615
-1.35	-0.65	-2.00615
-1.35	-0.6	-2.00615
-1.35	-0.55	-2.00615
-1.35	-0.5	-2.00615
-1.35	-0.45	-2.00598
-1.35	-0.4	-1.97476
-1.35	-0.35	-1.86512
-1.35	-0.3	-1.74956
-1.35	-0.25	-1.63708
-1.35	-0.2	-1.53038
-1.35	-0.15	-1.42721
-1.35	-0.1	-1.33204
-1.35	-0.05	-1.24479
-1.35	3.19189e-16	-1.16476
-1.35	0.05	-1.09402
-1.35	0.1	-1.03088
-1.35	0.15	-0.9724
-1.35	0.2	-0.930307
-1.35	0.25	-0.906093
-1.35	0.3	-0.895732
-1.35	0.35	-0.897048
-1.35	0.4	-0.911511
-1.35	0.45	-0.938691
-1.35	0.5	-0.983807
-1.35	0.55	-1.06924
-1.35	0.6	-1.2326
-1.35	0.65	-1.59614
-1.35	0.7	-2.64304
-1.35	0.75	-4.72662
-1.35	0.8	-6.7183
-1.35	0.85	-8.48445
-1.35	0.9	-10.0486
-1.35	0.95	-11.433
-1.35	1	-12.6572
-1.35	1.05	-13.7388
-1.35	1.1	-14.6937
-1.35	1.15	-15.5357
-1.35	1.2	-16.2774
-1.35	1.25	-16.93
-1.35	1.3	-17.5036
-1.35	1.35	-18.0072
-1.35	1.4	-18.4487
-1.35	1.45	-18.8354
-1.35	1.5	-19.1738
-1.35	1.55	-19.4698
-1.35	1.6	-19.7285
-1.35	1.65	-19.9545
-1.35	1.7	-20.1521
-1.35	1.75	-20.3247
-1.35	1.8	-20.4757
-1.35	1.85	-20.6078
-1.35	1.9	-20.7235
-1.35	1.95	-20.825
-1.3	-1	-1.997
-1.3	-0.95	-1.997
-1.3	-0.9	-1.997
-1.3	-0.85	-1.997
-1.3	-0.8	-1.997
-1.3	-0.75	-1.997
-1.3	-0.7	-1.997
-1.3	-0.65	-1.997
-1.3	-0.6	-1.997
-1.3	-0.55	-1.997
-1.3	-0.5	-1.997
-1.3	-0.45	-1.99672
-1.3	-0.4	-1.95959
-1.3	-0.35	-1.85143
-1.3	-0.3	-1.73703
-1.3	-0.25	-1.62456
-1.3	-0.2	-1.51754
-1.3	-0.15	-1.41419
-1.3	-0.1	-1.31844
-1.3	-0.05	-1.23073
-1.3	3.19189e-16	-1.15029
-1.3	0.05	-1.07894
-1.3	0.1	-1.01431
-1.3	0.15	-0.953506
-1.3	0.2	-0.908738
-1.3	0.25	-0.879832
-1.3	0.3	-0.863412
-1.3	0.35	-0.855164
-1.3	0.4	-0.855613
-1.3	0.45	-0.860768
-1.3	0.5	-0.86785
-1.3	0.55	-0.889474
-1.3	0.6	-0.929709
-1.3	0.65	-1.01262
-1.3	0.7	-1.18751
-1.3	0.75	-1.59468
-1.3	0.8	-2.80603
-1.3	0.85	-4.92252
-1.3	0.9	-6.88065
-1.3	0.95	-8.61622
-1.3	1	-10.153
-1.3	1.05	-11.5128
-1.3	1.1	-12.7149
-1.3	1.15	-13.7767
-1.3	1.2	-14.7136
-1.3	1.25	-15.5394
-1.3	1.3	-16.2664
-1.3	1.35	-16.9057
-1.3	1.4	-17.4671
-1.3	1.45	-17.9595
-1.3	1.5	-18.3907
-1.3	1.55	-18.7679
-1.3	1.6	-19.0976
-1.3	1.65	-19.3855
-1.3	1.7	-19.6367
-1.3	1.75	-19.8558
-1.3	1.8	-20.0469
-1.3	1.85	-20.2137
-1.3	1.9	-20.3593
-1.3	1.95	-20.4866
-1.25	-1	-1.97999
-1.25	-0.95	-1.97999
-1.25	-0.9	-1.97999
-1.25	-0.85	-1.97999
-1.25	-0.8	-1.97999
-1.25	-0.75	-1.97999
-1.25	-0.7	-1.97999
-1.25	-0.65	-1.97999
-1.25	-0.6	-1.97999
-1.25	-0.55	-1.97999
-1.25	-0.5	-1.97999
-1.25	-0.45	-1.97953
-1.25	-0.4	-1.93798
-1.25	-0.35	-1.8365
-1.25	-0.3	-1.72568
-1.25	-0.25	-1.61442
-1.25	-0.2	-1.50762
-1.25	-0.15	-1.40464
-1.25	-0.1	-1.30908
-1.25	-0.05	-1.22152
-1.25	3.19189e-16	-1.14131
-1.25	0.05	-1.07029
-1.25	0.1	-1.0042
-1.25	0.15	-0.94328
-1.25	0.2	-0.897281
-1.25	0.25	-0.866474
-1.25	0.3	-0.847363
-1.25	0.35	-0.834853
-1.25	0.4	-0.828695
-1.25	0.45	-0.823272
-1.25	0.5	-0.8126
-1.25	0.55	-0.805688
-1.25	0.6	-0.796909
-1.25	0.65	-0.79482
-1.25	0.7	-0.804345
-1.25	0.75	-0.836424
-1.25	0.8	-0.913906
-1.25	0.85	-1.08921
-1.25	0.9	-1.51043
-1.25	0.95	-2.78335
-1.25	1	-4.90489
-1.25	1.05	-6.8507
-1.25	1.1	-8.575
-1.25	1.15	-10.1016
-1.25	1.2	-11.452
-1.25	1.25	-12.6456
-1.25	1.3	-13.6996
-1.25	1.35	-14.6293
-1.25	1.4	-15.4483
-1.25	1.45	-16.169
-1.25	1.5	-16.8022
-1.25	1.55	-17.3578
-1.25	1.6	-17.8445
-1.25	1.65	-18.2701
-1.25	1.7	-18.6419
-1.25	1.75	-18.966
-1.25	1.8	-19.2484
-1.25	1.85	-19.4942
-1.25	1.9	-19.7079
-1.25	1.95	-19.8938
-1.2	-1	-1.94807
-1.2	-0.95	-1.94807
-1.2	-0.9	-1.94807
-1.2	-0.85	-1.94807
-1.2	-0.8	-1.94807
-1.2	-0.75	-1.94807
-1.2	-0.7	-1.94807
-1.2	-0.65	-1.94807
-1.2	-0.6	-1.94807
-1.2	-0.55	-1.94807
-1.2	-0.5	-1.94806
-1.2	-0.45	-1.94734
-1.2	-0.4	-1.90509
-1.2	-0.35	-1.8163
-1.2	-0.3	-1.7123
-1.2	-0.25	-1.6049
-1.2	-0.2	-1.50025
-1.2	-0.15	-1.39843
-1.2	-0.1	-1.30385
-1.2	-0.05	-1.21704
-1.2	3.19189e-16	-1.13765
-1.2	0.05	-1.06668
-1.2	0.1	-1.00129
-1.2	0.15	-0.941175
-1.2	0.2	-0.895696
-1.2	0.25	-0.865583
-1.2	0.3	-0.847151
-1.2	0.35	-0.834911
-1.2	0.4	-0.828896
-1.2	0.45	-0.822292
-1.2	0.5	-0.80836
-1.2	0.55	-0.794908
-1.2	0.6	-0.773183
-1.2	0.65	-0.749015
-1.2	0.7	-0.71979
-1.2	0.75	-0.686158
-1.2	0.8	-0.648952
-1.2	0.85	-0.612533
-1.2	0.9	-0.56783
-1.2	0.95	-0.540764
-1.2	1	-0.509613
-1.2	1.05	-0.500128
-1.2	1.1	-0.474014
-1.2	1.15	-0.493834
-1.2	1.2	-0.53922
-1.2	1.25	-0.663956
-1.2	1.3	-0.932743
-1.2	1.35	-1.19396
-1.2	1.4	-1.33821
-1.2	1.45	-1.44336
-1.2	1.5	-1.86422
-1.2	1.55	-2.98587
-1.2	1.6	-5.01631
-1.2	1.65	-7.07392
-1.2	1.7	-8.89554
-1.2	1.75	-10.504
-1.2	1.8	-11.9234
-1.2	1.85	-13.1745
-1.2	1.9	-14.2753
-1.2	1.95	-15.2408
-1.15	-1	-1.8965
-1.15	-0.95	-1.8965
-1.15	-0.9	-1.8965
-1.15	-0.85	-1.8965
-1.15	-0.8	-1.8965
-1.15	-0.75	-1.8965
-1.15	-0.7	-1.8965
-1.15	-0.65	-1.8965
-1.15	-0.6	-1.8965
-1.15	-0.55	-1.8965
-1.15	-0.5	-1.8965
-1.15	-0.45	-1.8954
-1.15	-0.4	-1.85743
-1.15	-0.35	-1.78551
-1.15	-0.3	-1.69159
-1.15	-0.25	-1.59119
-1.15	-0.2	-1.4918
-1.15	-0.15	-1.39335
-1.15	-0.1	-1.30162
-1.15	-0.05	-1.21681
-1.15	3.19189e-16	-1.13821
-1.15	0.05	-1.06896
-1.15	0.1	-1.00579
-1.15	0.15	-0.947849
-1.15	0.2	-0.904513
-1.15	0.25	-0.877454
-1.15	0.3	-0.863181
-1.15	0.35	-0.85619
-1.15	0.4	-0.857106
-1.15	0.45	-0.859072
-1.15	0.5	-0.857285
-1.15	0.55	-0.858686
-1.15	0.6	-0.856261
-1.15	0.65	-0.858425
-1.15	0.7	-0.866224
-1.15	0.75	-0.884674
-1.15	0.8	-0.925154
-1.15	0.85	-1.01141
-1.15	0.9	-1.18105
-1.15	0.95	-1.60172
-1.15	1	-2.8103
-1.15	1.05	-4.92334
-1.15	1.1	-6.88183
-1.15	1.15	-8.61712
-1.15	1.2	-10.153
-1.15	1.25	-11.5114
-1.15	1.3	-12.7115
-1.15	1.35	-13.7709
-1.15	1.4	-14.7049
-1.15	1.45	-15.5273
-1.15	1.5	-16.2504
-1.15	1.55	-16.8852
-1.15	1.6	-17.4415
-1.15	1.65	-17.9281
-1.15	1.7	-18.3529
-1.15	1.75	-18.7231
-1.15	1.8	-19.045
-1.15	1.85	-19.3245
-1.15	1.9	-19.567
-1.15	1.95	-19.7771
-1.1	-1	-1.82622
-1.1	-0.95	-1.82622
-1.1	-0.9	-1.82622
-1.1	-0.85	-1.82622
-1.1	-0.8	-1.82622
-1.1	-0.75	-1.82622
-1.1	-0.7	-1.82622
-1.1	-0.65	-1.82622
-1.1	-0.6	-1.82622
-1.1	-0.55	-1.82622
-1.1	-0.5	-1.82621
-1.1	-0.45	-1.82463
-1.1	-0.4	-1.79453
-1.1	-0.35	-1.73908
-1.1	-0.3	-1.65771
-1.1	-0.25	-1.56719
-1.1	-0.2	-1.47585
-1.1	-0.15	-1.38393
-1.1	-0.1	-1.29776
-1.1	-0.05	-1.2168
-1.1	3.19189e-16	-1.14211
-1.1	0.05	-1.07663
-1.1	0.1	-1.01752
-1.1	0.15	-0.96367
-1.1	0.2	-0.924355
-1.1	0.25	-0.903219
-1.1	0.3	-0.897196
-1.1	0.35	-0.901239
-1.1	0.4	-0.917902
-1.1	0.45	-0.941916
-1.1	0.5	-0.973874
-1.1	0.55	-1.02498
-1.1	0.6	-1.10056
-1.1	0.65	-1.24082
-1.1	0.7	-1.51807
-1.1	0.75	-2.2155
-1.1	0.8	-4.04379
-1.1	0.85	-6.11776
-1.1	0.9	-7.96274
-1.1	0.95	-9.59673
-1.1	1	-11.0427
-1.1	1.05	-12.3212
-1.1	1.1	-13.4507
-1.1	1.15	-14.4473
-1.1	1.2	-15.3257
-1.1	1.25	-16.099
-1.1	1.3	-16.7788
-1.1	1.35	-17.3755
-1.1	1.4	-17.8985
-1.1	1.45	-18.3562
-1.1	1.5	-18.7561
-1.1	1.55	-19.1051
-1.1	1.6	-19.4093
-1.1	1.65	-19.6742
-1.1	1.7	-19.9048
-1.1	1.75	-20.1054
-1.1	1.8	-20.2801
-1.1	1.85	-20.4322
-1.1	1.9	-20.5648
-1.1	1.95	-20.6804
-1.05	-1	-1.74332
-1.05	-0.95	-1.74332
-1.05	-0.9	-1.74332
-1.05	-0.85	-1.74332
-1.05	-0.8	-1.74332
-1.05	-0.75	-1.74332
-1.05	-0.7	-1.74332
-1.05	-0.65	-1.74332
-1.05	-0.6	-1.74332
-1.05	-0.55	-1.74332
-1.05	-0.5	-1.74332
-1.05	-0.45	-1.74112
-1.05	-0.4	-1.71874
-1.05	-0.35	-1.67538
-1.05	-0.3	-1.60643
-1.05	-0.25	-1.52759
-1.05	-0.2	-1.44572
-1.05	-0.15	-1.36281
-1.05	-0.1	-1.28498
-1.05	-0.05	-1.21117
-1.05	3.19189e-16	-1.14338
-1.05	0.05	-1.08463
-1.05	0.1	-1.03215
-1.05	0.15	-0.986457
-1.05	0.2	-0.955519
-1.05	0.25	-0.944561
-1.05	0.3	-0.952092
-1.05	0.35	-0.975354
-1.05	0.4	-1.02085
-1.05	0.45	-1.0908
-1.05	0.5	-1.19811
-1.05	0.55	-1.38783
-1.05	0.6	-1.76936
-1.05	0.65	-2.81674
-1.05	0.7	-4.90051
-1.05	0.75	-6.89656
-1.05	0.8	-8.66638
-1.05	0.85	-10.2336
-1.05	0.9	-11.6202
-1.05	0.95	-12.8461
-1.05	1	-13.9289
-1.05	1.05	-14.8843
-1.05	1.1	-15.7263
-1.05	1.15	-16.4674
-1.05	1.2	-17.119
-1.05	1.25	-17.6911
-1.05	1.3	-18.1926
-1.05	1.35	-18.6318
-1.05	1.4	-19.0159
-1.05	1.45	-19.3515
-1.05	1.5	-19.6445
-1.05	1.55	-19.9
-1.05	1.6	-20.1229
-1.05	1.65	-20.3173
-1.05	1.7	-20.4868
-1.05	1.75	-20.6349
-1.05	1.8	-20.7641
-1.05	1.85	-20.8772
-1.05	1.9	-20.9761
-1.05	1.95	-21.0627
-1	-1	-1.65556
-1	-0.95	-1.65556
-1	-0.9	-1.65556
-1	-0.85	-1.65556
-1	-0.8	-1.65556
-1	-0.75	-1.65556
-1	-0.7	-1.65556
-1	-0.65	-1.65556
-1	-0.6	-1.65556
-1	-0.55	-1.65556
-1	-0.5	-1.65556
-1	-0.45	-1.65253
-1	-0.4	-1.63428
-1	-0.35	-1.59681
-1	-0.3	-1.53776
-1	-0.25	-1.46976
-1	-0.2	-1.39805
-1	-0.15	-1.32532
-1	-0.1	-1.25721
-1	-0.05	-1.19253
-1	3.19189e-16	-1.1334
-1	0.05	-1.0831
-1	0.1	-1.03965
-1	0.15	-1.00638
-1	0.2	-0.990756
-1	0.25	-0.998627
-1	0.3	-1.03016
-1	0.35	-1.0869
-1	0.4	-1.18484
-1	0.45	-1.35111
-1	0.5	-1.65308
-1	0.55	-2.38165
-1	0.6	-4.2298
-1	0.65	-6.3077
-1	0.7	-8.15599
-1	0.75	-9.79318
-1	0.8	-11.2423
-1	0.85	-12.5239
-1	0.9	-13.6564
-1	0.95	-14.6562
-1	1	-15.5379
-1	1.05	-16.3146
-1	1.1	-16.9979
-1	1.15	-17.5984
-1	1.2	-18.1255
-1	1.25	-18.5874
-1	1.3	-18.9919
-1	1.35	-19.3457
-1	1.4	-19.6548
-1	1.45	-19.9247
-1	1.5	-20.1603
-1	1.55	-20.3659
-1	1.6	-20.5454
-1	1.65	-20.702
-1	1.7	-20.8388
-1	1.75	-20.9584
-1	1.8	-21.063
-1	1.85	-21.1547
-1	1.9	-21.235
-1	1.95	-21.3055
-0.95	-1	-1.56963
-0.95	-0.95	-1.56963
-0.95	-0.9	-1.56963
-0.95	-0.85	-1.56963
-0.95	-0.8	-1.56963
-0.95	-0.75	-1.56963
-0.95	-0.7	-1.56963
-0.95	-0.65	-1.56963
-0.95	-0.6	-1.56963
-0.95	-0.55	-1.56963
-0.95	-0.5	-1.56962
-0.95	-0.45	-1.56531
-0.95	-0.4	-1.54619
-0.95	-0.35	-1.50917
-0.95	-0.3	-1.45598
-0.95	-0.25	-1.39603
-0.95	-0.2	-1.33298
-0.95	-0.15	-1.27005
-0.95	-0.1	-1.2114
-0.95	-0.05	-1.15596
-0.95	3.19189e-16	-1.10578
-0.95	0.05	-1.06311
-0.95	0.1	-1.0284
-0.95	0.15	-1.00799
-0.95	0.2	-1.01087
-0.95	0.25	-1.04512
-0.95	0.3	-1.11322
-0.95	0.35	-1.22372
-0.95	0.4	-1.41653
-0.95	0.45	-1.78588
-0.95	0.5	-2.58612
-0.95	0.55	-3.32781
-0.95	0.6	-3.90916
-0.95	0.65	-4.67447
-0.95	0.7	-5.96725
-0.95	0.75	-7.97949
-0.95	0.8	-9.97553
-0.95	0.85	-11.6385
-0.95	0.9	-12.7342
-0.95	0.95	-13.3529
-0.95	1	-13.8452
-0.95	1.05	-14.3274
-0.95	1.1	-14.8405
-0.95	1.15	-15.3952
-0.95	1.2	-15.9972
-0.95	1.25	-16.6176
-0.95	1.3	-17.1739
-0.95	1.35	-17.5796
-0.95	1.4	-17.7388
-0.95	1.45	-17.937
-0.95	1.5	-18.2832
-0.95	1.55	-19.0006
-0.95	1.6	-20.3435
-0.95	1.65	-20.9171
-0.95	1.7	-21.0419
-0.95	1.75	-21.1443
-0.95	1.8	-21.2338
-0.95	1.85	-21.3121
-0.95	1.9	-21.3807
-0.95	1.95	-21.441
-0.9	-1	-1.48963
-0.9	-0.95	-1.48963
-0.9	-0.9	-1.48963
-0.9	-0.85	-1.48963
-0.9	-0.8	-1.48963
-0.9	-0.75	-1.48963
-0.9	-0.7	-1.48963
-0.9	-0.65	-1.48963
-0.9	-0.6	-1.48963
-0.9	-0.55	-1.48963
-0.9	-0.5	-1.4896
-0.9	-0.45	-1.483
-0.9	-0.4	-1.45846
-0.9	-0.35	-1.41856
-0.9	-0.3	-1.36744
-0.9	-0.25	-1.31213
-0.9	-0.2	-1.25473
-0.9	-0.15	-1.19939
-0.9	-0.1	-1.14837
-0.9	-0.05	-1.10111
-0.9	3.19189e-16	-1.05845
-0.9	0.05	-1.0219
-0.9	0.1	-0.992766
-0.9	0.15	-0.980581
-0.9	0.2	-0.996877
-0.9	0.25	-1.05083
-0.9	0.3	-1.14604
-0.9	0.35	-1.28993
-0.9	0.4	-1.50289
-0.9	0.45	-1.70526
-0.9	0.5	-1.81396
-0.9	0.55	-1.93218
-0.9	0.6	-2.04874
-0.9	0.65	-2.21965
-0.9	0.7	-2.5606
-0.9	0.75	-3.05137
-0.9	0.8	-3.58969
-0.9	0.85	-4.11529
-0.9	0.9	-4.62567
-0.9	0.95	-5.26502
-0.9	1	-6.19697
-0.9	1.05	-7.49464
-0.9	1.1	-8.64203
-0.9	1.15	-9.14057
-0.9	1.2	-9.45968
-0.9	1.25	-9.71639
-0.9	1.3	-9.93661
-0.9	1.35	-10.1626
-0.9	1.4	-10.3055
-0.9	1.45	-10.4801
-0.9	1.5	-10.7759
-0.9	1.55	-11.4235
-0.9	1.6	-12.8315
-0.9	1.65	-14.9525
-0.9	1.7	-16.945
-0.9	1.75	-18.701
-0.9	1.8	-20.1855
-0.9	1.85	-21.0104
-0.9	1.9	-21.2163
-0.9	1.95	-21.3055
-0.85	-1	-1.41768
-0.85	-0.95	-1.41768
-0.85	-0.9	-1.41768
-0.85	-0.85	-1.41768
-0.85	-0.8	-1.41768
-0.85	-0.75	-1.41768
-0.85	-0.7	-1.41768
-0.85	-0.65	-1.41768
-0.85	-0.6	-1.41768
-0.85	-0.55	-1.41768
-0.85	-0.5	-1.4176
-0.85	-0.45	-1.40689
-0.85	-0.4	-1.3744
-0.85	-0.35	-1.33004
-0.85	-0.3	-1.27827
-0.85	-0.25	-1.22439
-0.85	-0.2	-1.16999
-0.85	-0.15	-1.11918
-0.85	-0.1	-1.07305
-0.85	-0.05	-1.03192
-0.85	3.19189e-16	-0.994838
-0.85	0.05	-0.961915
-0.85	0.1	-0.934721
-0.85	0.15	-0.924293
-0.85	0.2	-0.943382
-0.85	0.25	-0.997909
-0.85	0.3	-1.08235
-0.85	0.35	-1.17525
-0.85	0.4	-1.22123
-0.85	0.45	-1.21172
-0.85	0.5	-1.23749
-0.85	0.55	-1.25994
-0.85	0.6	-1.25657
-0.85	0.65	-1.27601
-0.85	0.7	-1.38822
-0.85	0.75	-1.5427
-0.85	0.8	-1.62189
-0.85	0.85	-1.59368
-0.85	0.9	-1.54265
-0.85	0.95	-1.55851
-0.85	1	-1.70198
-0.85	1.05	-2.00548
-0.85	1.1	-2.59536
-0.85	1.15	-3.5628
-0.85	1.2	-4.84002
-0.85	1.25	-5.76739
-0.85	1.3	-6.0829
-0.85	1.35	-6.27394
-0.85	1.4	-6.40402
-0.85	1.45	-6.55712
-0.85	1.5	-6.82022
-0.85	1.55	-7.41237
-0.85	1.6	-8.72259
-0.85	1.65	-10.8199
-0.85	1.7	-12.8366
-0.85	1.75	-14.6179
-0.85	1.8	-16.188
-0.85	1.85	-17.5655
-0.85	1.9	-18.7405
-0.85	1.95	-19.6234
-0.8	-1	-1.35456
-0.8	-0.95	-1.35456
-0.8	-0.9	-1.35456
-0.8	-0.85	-1.35456
-0.8	-0.8	-1.35456
-0.8	-0.75	-1.35456
-0.8	-0.7	-1.35456
-0.8	-0.65	-1.35456
-0.8	-0.6	-1.35456
-0.8	-0.55	-1.35456
-0.8	-0.5	-1.35431
-0.8	-0.45	-1.33702
-0.8	-0.4	-1.2961
-0.8	-0.35	-1.24672
-0.8	-0.3	-1.19289
-0.8	-0.25	-1.13842
-0.8	-0.2	-1.08504
-0.8	-0.15	-1.03608
-0.8	-0.1	-0.992455
-0.8	-0.05	-0.955096
-0.8	3.19189e-16	-0.921254
-0.8	0.05	-0.890362
-0.8	0.1	-0.861959
-0.8	0.15	-0.848298
-0.8	0.2	-0.861391
-0.8	0.25	-0.900398
-0.8	0.3	-0.946629
-0.8	0.35	-0.959562
-0.8	0.4	-0.927807
-0.8	0.45	-0.895709
-0.8	0.5	-0.897234
-0.8	0.55	-0.885859
-0.8	0.6	-0.841202
-0.8	0.65	-0.809904
-0.8	0.7	-0.849102
-0.8	0.75	-0.893846
-0.8	0.8	-0.862284
-0.8	0.85	-0.738853
-0.8	0.9	-0.6008
-0.8	0.95	-0.518249
-0.8	1	-0.521155
-0.8	1.05	-0.602315
-0.8	1.1	-0.794929
-0.8	1.15	-1.04702
-0.8	1.2	-1.28873
-0.8	1.25	-1.53383
-0.8	1.3	-1.82292
-0.8	1.35	-2.1152
-0.8	1.4	-2.28131
-0.8	1.45	-2.35186
-0.8	1.5	-2.54437
-0.8	1.55	-3.06343
-0.8	1.6	-4.26103
-0.8	1.65	-6.32034
-0.8	1.7	-8.36446
-0.8	1.75	-10.1722
-0.8	1.8	-11.7673
-0.8	1.85	-13.1738
-0.8	1.9	-14.4126
-0.8	1.95	-15.502
-0.75	-1	-1.30025
-0.75	-0.95	-1.30025
-0.75	-0.9	-1.30025
-0.75	-0.85	-1.30025
-0.75	-0.8	-1.30025
-0.75	-0.75	-1.30025
-0.75	-0.7	-1.30025
-0.75	-0.65	-1.30025
-0.75	-0.6	-1.30025
-0.75	-0.55	-1.30025
-0.75	-0.5	-1.2995
-0.75	-0.45	-1.27314
-0.75	-0.4	-1.22459
-0.75	-0.35	-1.17048
-0.75	-0.3	-1.1141
-0.75	-0.25	-1.05811
-0.75	-0.2	-1.00459
-0.75	-0.15	-0.955781
-0.75	-0.1	-0.913108
-0.75	-0.05	-0.877336
-0.75	3.19189e-16	-0.845157
-0.75	0.05	-0.815053
-0.75	0.1	-0.783966
-0.75	0.15	-0.76496
-0.75	0.2	-0.768058
-0.75	0.25	-0.785936
-0.75	0.3	-0.793122
-0.75	0.35	-0.768914
-0.75	0.4	-0.730997
-0.75	0.45	-0.697807
-0.75	0.5	-0.695365
-0.75	0.55	-0.678145
-0.75	0.6	-0.625266
-0.75	0.65	-0.581977
-0.75	0.7	-0.601062
-0.75	0.75	-0.617249
-0.75	0.8	-0.548138
-0.75	0.85	-0.389333
-0.75	0.9	-0.220396
-0.75	0.95	-0.107328
-0.75	1	-0.0686783
-0.75	1.05	-0.0864773
-0.75	1.1	-0.174429
-0.75	1.15	-0.264109
-0.75	1.2	-0.30484
-0.75	1.25	-0.329599
-0.75	1.3	-0.376124
-0.75	1.35	-0.423084
-0.75	1.4	-0.414181
-0.75	1.45	-0.400578
-0.75	1.5	-0.560256
-0.75	1.55	-1.03313
-0.75	1.6	-2.14674
-0.75	1.65	-4.16426
-0.75	1.7	-6.22898
-0.75	1.75	-8.05691
-0.75	1.8	-9.67047
-0.75	1.85	-11.0939
-0.75	1.9	-12.3487
-0.75	1.95	-13.4538
-0.7	-1	-1.25445
-0.7	-0.95	-1.25445
-0.7	-0.9	-1.25445
-0.7	-0.85	-1.25445
-0.7	-0.8	-1.25445
-0.7	-0.75	-1.25445
-0.7	-0.7	-1.25445
-0.7	-0.65	-1.25445
-0.7	-0.6	-1.25445
-0.7	-0.55	-1.25445
-0.7	-0.5	-1.25219
-0.7	-0.45	-1.21525
-0.7	-0.4	-1.16045
-0.7	-0.35	-1.10226
-0.7	-0.3	-1.04347
-0.7	-0.25	-0.985828
-0.7	-0.2	-0.931597
-0.7	-0.15	-0.882227
-0.7	-0.1	-0.83976
-0.7	-0.05	-0.804393
-0.7	3.19189e-16	-0.773088
-0.7	0.05	-0.742673
-0.7	0.1	-0.708941
-0.7	0.15	-0.684556
-0.7	0.2	-0.677066
-0.7	0.25	-0.675287
-0.7	0.3	-0.661593
-0.7	0.35	-0.636893
-0.7	0.4	-0.605256
-0.7	0.45	-0.580776
-0.7	0.5	-0.587389
-0.7	0.55	-0.582628
-0.7	0.6	-0.542599
-0.7	0.65	-0.512426
-0.7	0.7	-0.544205
-0.7	0.75	-0.568245
-0.7	0.8	-0.505529
-0.7	0.85	-0.347604
-0.7	0.9	-0.175737
-0.7	0.95	-0.0581971
-0.7	1	-0.0104828
-0.7	1.05	-0.0172383
-0.7	1.1	-0.0863755
-0.7	1.15	-0.140492
-0.7	1.2	-0.133938
-0.7	1.25	-0.106748
-0.7	1.3	-0.0960403
-0.7	1.35	-0.0838271
-0.7	1.4	-0.0346975
-0.7	1.45	-0.00459027
-0.7	1.5	-0.150192
-0.7	1.55	-0.591304
-0.7	1.6	-1.63829
-0.7	1.65	-3.61275
-0.7	1.7	-5.69397
-0.7	1.75	-7.53868
-0.7	1.8	-9.16732
-0.7	1.85	-10.6043
-0.7	1.9	-11.8714
-0.7	1.95	-12.9877
-0.65	-1	-1.21662
-0.65	-0.95	-1.21662
-0.65	-0.9	-1.21662
-0.65	-0.85	-1.21662
-0.65	-0.8	-1.21662
-0.65	-0.75	-1.21662
-0.65	-0.7	-1.21662
-0.65	-0.65	-1.21662
-0.65	-0.6	-1.21662
-0.65	-0.55	-1.21661
-0.65	-0.5	-1.21063
-0.65	-0.45	-1.16339
-0.65	-0.4	-1.1038
-0.65	-0.35	-1.04249
-0.65	-0.3	-0.981673
-0.65	-0.25	-0.922788
-0.65	-0.2	-0.867729
-0.65	-0.15	-0.81787
-0.65	-0.1	-0.775376
-0.65	-0.05	-0.740069
-0.65	3.19189e-16	-0.709399
-0.65	0.05	-0.678504
-0.65	0.1	-0.642687
-0.65	0.15	-0.613635
-0.65	0.2	-0.596567
-0.65	0.25	-0.582515
-0.65	0.3	-0.569042
-0.65	0.35	-0.55206
-0.65	0.4	-0.532098
-0.65	0.45	-0.522601
-0.65	0.5	-0.545152
-0.65	0.55	-0.563762
-0.65	0.6	-0.555692
-0.65	0.65	-0.556803
-0.65	0.7	-0.617802
-0.65	0.75	-0.692466
-0.65	0.8	-0.701077
-0.65	0.85	-0.60458
-0.65	0.9	-0.471173
-0.65	0.95	-0.379157
-0.65	1	-0.355513
-0.65	1.05	-0.393277
-0.65	1.1	-0.501653
-0.65	1.15	-0.595301
-0.65	1.2	-0.617034
-0.65	1.25	-0.60564
-0.65	1.3	-0.601235
-0.65	1.35	-0.589112
-0.65	1.4	-0.543156
-0.65	1.45	-0.517781
-0.65	1.5	-0.65693
-0.65	1.55	-1.07542
-0.65	1.6	-2.06849
-0.65	1.65	-4.00012
-0.65	1.7	-6.09478
-0.65	1.75	-7.95388
-0.65	1.8	-9.59532
-0.65	1.85	-11.0437
-0.65	1.9	-12.3209
-0.65	1.95	-13.4463
-0.6	-1	-1.18615
-0.6	-0.95	-1.18615
-0.6	-0.9	-1.18615
-0.6	-0.85	-1.18615
-0.6	-0.8	-1.18615
-0.6	-0.75	-1.18615
-0.6	-0.7	-1.18615
-0.6	-0.65	-1.18615
-0.6	-0.6	-1.18615
-0.6	-0.55	-1.18609
-0.6	-0.5	-1.1731
-0.6	-0.45	-1.11742
-0.6	-0.4	-1.05459
-0.6	-0.35	-0.99112
-0.6	-0.3	-0.928902
-0.6	-0.25	-0.869396
-0.6	-0.2	-0.813872
-0.6	-0.15	-0.76403
-0.6	-0.1	-0.72167
-0.6	-0.05	-0.686865
-0.6	3.19189e-16	-0.656679
-0.6	0.05	-0.625624
-0.6	0.1	-0.588612
-0.6	0.15	-0.555627
-0.6	0.2	-0.531905
-0.6	0.25	-0.518099
-0.6	0.3	-0.510397
-0.6	0.35	-0.503064
-0.6	0.4	-0.495914
-0.6	0.45	-0.500458
-0.6	0.5	-0.533271
-0.6	0.55	-0.568699
-0.6	0.6	-0.59089
-0.6	0.65	-0.623242
-0.6	0.7	-0.696116
-0.6	0.75	-0.792155
-0.6	0.8	-0.884139
-0.6	0.85	-0.954578
-0.6	0.9	-1.00384
-0.6	0.95	-1.05902
-0.6	1	-1.14646
-0.6	1.05	-1.26944
-0.6	1.1	-1.42264
-0.6	1.15	-1.55103
-0.6	1.2	-1.63898
-0.6	1.25	-1.68002
-0.6	1.3	-1.70209
-0.6	1.35	-1.71076
-0.6	1.4	-1.69104
-0.6	1.45	-1.70623
-0.6	1.5	-1.85951
-0.6	1.55	-2.27025
-0.6	1.6	-3.22552
-0.6	1.65	-5.1181
-0.6	1.7	-7.22276
-0.6	1.75	-9.09319
-0.6	1.8	-10.7444
-0.6	1.85	-12.2012
-0.6	1.9	-13.4856
-0.6	1.95	-14.6171
-0.55	-1	-1.16244
-0.55	-0.95	-1.16244
-0.55	-0.9	-1.16244
-0.55	-0.85	-1.16244
-0.55	-0.8	-1.16244
-0.55	-0.75	-1.16244
-0.55	-0.7	-1.16244
-0.55	-0.65	-1.16244
-0.55	-0.6	-1.16244
-0.55	-0.55	-1.1622
-0.55	-0.5	-1.13894
-0.55	-0.45	-1.07767
-0.55	-0.4	-1.01267
-0.55	-0.35	-0.94802
-0.55	-0.3	-0.885258
-0.55	-0.25	-0.82573
-0.55	-0.2	-0.77046
-0.55	-0.15	-0.721263
-0.55	-0.1	-0.679639
-0.55	-0.05	-0.645795
-0.55	3.19189e-16	-0.616392
-0.55	0.05	-0.585634
-0.55	0.1	-0.547949
-0.55	0.15	-0.512546
-0.55	0.2	-0.489983
-0.55	0.25	-0.479956
-0.55	0.3	-0.477444
-0.55	0.35	-0.476764
-0.55	0.4	-0.475198
-0.55	0.45	-0.480743
-0.55	0.5	-0.502724
-0.55	0.55	-0.526928
-0.55	0.6	-0.544268
-0.55	0.65	-0.562264
-0.55	0.7	-0.595528
-0.55	0.75	-0.645893
-0.55	0.8	-0.710156
-0.55	0.85	-0.782607
-0.55	0.9	-0.857941
-0.55	0.95	-0.9431
-0.55	1	-1.041
-0.55	1.05	-1.13465
-0.55	1.1	-1.20146
-0.55	1.15	-1.24899
-0.55	1.2	-1.30435
-0.55	1.25	-1.33201
-0.55	1.3	-1.35092
-0.55	1.35	-1.37027
-0.55	1.4	-1.37416
-0.55	1.45	-1.42927
-0.55	1.5	-1.60105
-0.55	1.55	-2.01141
-0.55	1.6	-2.94004
-0.55	1.65	-4.79783
-0.55	1.7	-6.90992
-0.55	1.75	-8.78951
-0.55	1.8	-10.4485
-0.55	1.85	-11.9118
-0.55	1.9	-13.2015
-0.55	1.95	-14.3372
-0.5	-1	-1.14492
-0.5	-0.95	-1.14492
-0.5	-0.9	-1.14492
-0.5	-0.85	-1.14492
-0.5	-0.8	-1.14492
-0.5	-0.75	-1.14492
-0.5	-0.7	-1.14492
-0.5	-0.65	-1.14492
-0.5	-0.6	-1.14492
-0.5	-0.55	-1.14398
-0.5	-0.5	-1.10849
-0.5	-0.45	-1.04406
-0.5	-0.4	-0.977986
-0.5	-0.35	-0.913095
-0.5	-0.3	-0.850712
-0.5	-0.25	-0.79186
-0.5	-0.2	-0.737741
-0.5	-0.15	-0.689904
-0.5	-0.1	-0.649878
-0.5	-0.05	-0.617415
-0.5	3.19189e-16	-0.589077
-0.5	0.05	-0.558788
-0.5	0.1	-0.521238
-0.5	0.15	-0.48888
-0.5	0.2	-0.469856
-0.5	0.25	-0.461959
-0.5	0.3	-0.459649
-0.5	0.35	-0.455657
-0.5	0.4	-0.445562
-0.5	0.45	-0.435868
-0.5	0.5	-0.433666
-0.5	0.55	-0.434639
-0.5	0.6	-0.43445
-0.5	0.65	-0.436784
-0.5	0.7	-0.45209
-0.5	0.75	-0.482033
-0.5	0.8	-0.52245
-0.5	0.85	-0.567186
-0.5	0.9	-0.61155
-0.5	0.95	-0.66228
-0.5	1	-0.722047
-0.5	1.05	-0.777299
-0.5	1.1	-0.810252
-0.5	1.15	-0.830396
-0.5	1.2	-0.861726
-0.5	1.25	-0.871346
-0.5	1.3	-0.879979
-0.5	1.35	-0.894027
-0.5	1.4	-0.899079
-0.5	1.45	-0.955317
-0.5	1.5	-1.12308
-0.5	1.55	-1.52042
-0.5	1.6	-2.41465
-0.5	1.65	-4.23352
-0.5	1.7	-6.35354
-0.5	1.75	-8.24389
-0.5	1.8	-9.91243
-0.5	1.85	-11.3841
-0.5	1.9	-12.6813
-0.5	1.95	-13.8236
-0.45	-1	-1.13308
-0.45	-0.95	-1.13308
-0.45	-0.9	-1.13308
-0.45	-0.85	-1.13308
-0.45	-0.8	-1.13308
-0.45	-0.75	-1.13308
-0.45	-0.7	-1.13308
-0.45	-0.65	-1.13308
-0.45	-0.6	-1.13307
-0.45	-0.55	-1.1298
-0.45	-0.5	-1.08249
-0.45	-0.45	-1.01662
-0.45	-0.4	-0.950562
-0.45	-0.35	-0.886342
-0.45	-0.3	-0.825212
-0.45	-0.25	-0.76797
-0.45	-0.2	-0.715858
-0.45	-0.15	-0.670287
-0.45	-0.1	-0.632504
-0.45	-0.05	-0.601833
-0.45	3.19189e-16	-0.574567
-0.45	0.05	-0.544766
-0.45	0.1	-0.511246
-0.45	0.15	-0.483806
-0.45	0.2	-0.466564
-0.45	0.25	-0.45592
-0.45	0.3	-0.445219
-0.45	0.35	-0.427989
-0.45	0.4	-0.402355
-0.45	0.45	-0.377831
-0.45	0.5	-0.362455
-0.45	0.55	-0.35283
-0.45	0.6	-0.343888
-0.45	0.65	-0.337332
-0.45	0.7	-0.339914
-0.45	0.75	-0.352183
-0.45	0.8	-0.370309
-0.45	0.85	-0.389243
-0.45	0.9	-0.405751
-0.45	0.95	-0.427093
-0.45	1	-0.456391
-0.45	1.05	-0.482705
-0.45	1.1	-0.49099
-0.45	1.15	-0.491113
-0.45	1.2	-0.504586
-0.45	1.25	-0.500633
-0.45	1.3	-0.500946
-0.45	1.35	-0.509805
-0.45	1.4	-0.514012
-0.45	1.45	-0.568528
-0.45	1.5	-0.731342
-0.45	1.55	-1.11642
-0.45	1.6	-1.97945
-0.45	1.65	-3.7606
-0.45	1.7	-5.8872
-0.45	1.75	-7.78763
-0.45	1.8	-9.46513
-0.45	1.85	-10.9448
-0.45	1.9	-12.2489
-0.45	1.95	-13.3975
-0.4	-1	-1.12644
-0.4	-0.95	-1.12644
-0.4	-0.9	-1.12644
-0.4	-0.85	-1.12644
-0.4	-0.8	-1.12644
-0.4	-0.75	-1.12644
-0.4	-0.7	-1.12644
-0.4	-0.65	-1.12644
-0.4	-0.6	-1.12642
-0.4	-0.55	-1.11744
-0.4	-0.5	-1.06128
-0.4	-0.45	-0.995463
-0.4	-0.4	-0.930418
-0.4	-0.35	-0.867897
-0.4	-0.3	-0.808868
-0.4	-0.25	-0.754237
-0.4	-0.2	-0.705061
-0.4	-0.15	-0.662641
-0.4	-0.1	-0.627616
-0.4	-0.05	-0.598745
-0.4	3.19189e-16	-0.572209
-0.4	0.05	-0.544953
-0.4	0.1	-0.51674
-0.4	0.15	-0.492511
-0.4	0.2	-0.473023
-0.4	0.25	-0.45379
-0.4	0.3	-0.429946
-0.4	0.35	-0.399228
-0.4	0.4	-0.364007
-0.4	0.45	-0.332848
-0.4	0.5	-0.310135
-0.4	0.55	-0.291744
-0.4	0.6	-0.273052
-0.4	0.65	-0.255319
-0.4	0.7	-0.243773
-0.4	0.75	-0.238676
-0.4	0.8	-0.237052
-0.4	0.85	-0.234838
-0.4	0.9	-0.230048
-0.4	0.95	-0.230613
-0.4	1	-0.240046
-0.4	1.05	-0.248587
-0.4	1.1	-0.242086
-0.4	1.15	-0.229921
-0.4	1.2	-0.231628
-0.4	1.25	-0.217994
-0.4	1.3	-0.212054
-0.4	1.35	-0.216758
-0.4	1.4	-0.219477
-0.4	1.45	-0.271807
-0.4	1.5	-0.43054
-0.4	1.55	-0.805651
-0.4	1.6	-1.64206
-0.4	1.65	-3.3881
-0.4	1.7	-5.51979
-0.4	1.75	-7.42924
-0.4	1.8	-9.11475
-0.4	1.85	-10.6015
-0.4	1.9	-11.9119
-0.4	1.95	-13.066
-0.35	-1	-1.1246
-0.35	-0.95	-1.1246
-0.35	-0.9	-1.1246
-0.35	-0.85	-1.1246
-0.35	-0.8	-1.1246
-0.35	-0.75	-1.1246
-0.35	-0.7	-1.1246
-0.35	-0.65	-1.1246
-0.35	-0.6	-1.12446
-0.35	-0.55	-1.10593
-0.35	-0.5	-1.04539
-0.35	-0.45	-0.980762
-0.35	-0.4	-0.917756
-0.35	-0.35	-0.857917
-0.35	-0.3	-0.802022
-0.35	-0.25	-0.750965
-0.35	-0.2	-0.705709
-0.35	-0.15	-0.667054
-0.35	-0.1	-0.634962
-0.35	-0.05	-0.607538
-0.35	3.19189e-16	-0.582567
-0.35	0.05	-0.558236
-0.35	0.1	-0.532722
-0.35	0.15	-0.507617
-0.35	0.2	-0.481874
-0.35	0.25	-0.452674
-0.35	0.3	-0.418712
-0.35	0.35	-0.380705
-0.35	0.4	-0.340707
-0.35	0.45	-0.304157
-0.35	0.5	-0.273192
-0.35	0.55	-0.24416
-0.35	0.6	-0.213805
-0.35	0.65	-0.183804
-0.35	0.7	-0.159288
-0.35	0.75	-0.14081
-0.35	0.8	-0.125773
-0.35	0.85	-0.110533
-0.35	0.9	-0.0937568
-0.35	0.95	-0.0838368
-0.35	1	-0.0843684
-0.35	1.05	-0.0856327
-0.35	1.1	-0.073414
-0.35	1.15	-0.0571797
-0.35	1.2	-0.0561496
-0.35	1.25	-0.0409983
-0.35	1.3	-0.0348413
-0.35	1.35	-0.0401123
-0.35	1.4	-0.0443928
-0.35	1.45	-0.0991391
-0.35	1.5	-0.257878
-0.35	1.55	-0.627632
-0.35	1.6	-1.44405
-0.35	1.65	-3.15953
-0.35	1.7	-5.29466
-0.35	1.75	-7.21163
-0.35	1.8	-8.90371
-0.35	1.85	-10.3962
-0.35	1.9	-11.7115
-0.35	1.95	-12.8699
-0.3	-1	-1.12714
-0.3	-0.95	-1.12714
-0.3	-0.9	-1.12714
-0.3	-0.85	-1.12714
-0.3	-0.8	-1.12714
-0.3	-0.75	-1.12714
-0.3	-0.7	-1.12714
-0.3	-0.65	-1.12714
-0.3	-0.6	-1.12655
-0.3	-0.55	-1.09644
-0.3	-0.5	-1.03516
-0.3	-0.45	-0.972827
-0.3	-0.4	-0.912929
-0.3	-0.35	-0.856736
-0.3	-0.3	-0.805054
-0.3	-0.25	-0.758611
-0.3	-0.2	-0.718057
-0.3	-0.15	-0.683505
-0.3	-0.1	-0.65404
-0.3	-0.05	-0.628381
-0.3	3.19189e-16	-0.604969
-0.3	0.05	-0.580404
-0.3	0.1	-0.553135
-0.3	0.15	-0.523651
-0.3	0.2	-0.4915
-0.3	0.25	-0.455833
-0.3	0.3	-0.416598
-0.3	0.35	-0.374193
-0.3	0.4	-0.329624
-0.3	0.45	-0.286659
-0.3	0.5	-0.246981
-0.3	0.55	-0.208184
-0.3	0.6	-0.1682
-0.3	0.65	-0.129257
-0.3	0.7	-0.0967691
-0.3	0.75	-0.0714543
-0.3	0.8	-0.0507958
-0.3	0.85	-0.0312798
-0.3	0.9	-0.0118402
-0.3	0.95	-0.00129342
-0.3	1	-0.00356659
-0.3	1.05	-0.00869739
-0.3	1.1	-0.00181943
-0.3	1.15	0.00765197
-0.3	1.2	-3.82738e-05
-0.3	1.25	0.00626826
-0.3	1.3	0.003816
-0.3	1.35	-0.0107512
-0.3	1.4	-0.0239996
-0.3	1.45	-0.0914272
-0.3	1.5	-0.259483
-0.3	1.55	-0.6349
-0.3	1.6	-1.44567
-0.3	1.65	-3.14182
-0.3	1.7	-5.27797
-0.3	1.75	-7.19902
-0.3	1.8	-8.89437
-0.3	1.85	-10.3893
-0.3	1.9	-11.7066
-0.3	1.95	-12.8662
-0.25	-1	-1.13373
-0.25	-0.95	-1.13373
-0.25	-0.9	-1.13373
-0.25	-0.85	-1.13373
-0.25	-0.8	-1.13373
-0.25	-0.75	-1.13373
-0.25	-0.7	-1.13373
-0.25	-0.65	-1.13373
-0.25	-0.6	-1.13142
-0.25	-0.55	-1.09063
-0.25	-0.5	-1.03097
-0.25	-0.45	-0.972033
-0.25	-0.4	-0.91634
-0.25	-0.35	-0.864924
-0.25	-0.3	-0.818519
-0.25	-0.25	-0.777645
-0.25	-0.2	-0.742264
-0.25	-0.15	-0.711622
-0.25	-0.1	-0.684887
-0.25	-0.05	-0.660927
-0.25	3.19189e-16	-0.636259
-0.25	0.05	-0.608359
-0.25	0.1	-0.577308
-0.25	0.15	-0.543713
-0.25	0.2	-0.507393
-0.25	0.25	-0.467684
-0.25	0.3	-0.424129
-0.25	0.35	-0.376865
-0.25	0.4	-0.327012
-0.25	0.45	-0.278285
-0.25	0.5	-0.2328
-0.25	0.55	-0.188877
-0.25	0.6	-0.144834
-0.25	0.65	-0.102986
-0.25	0.7	-0.069083
-0.25	0.75	-0.0441165
-0.25	0.8	-0.0258133
-0.25	0.85	-0.0110916
-0.25	0.9	0.000894046
-0.25	0.95	0.00108304
-0.25	1	-0.0149811
-0.25	1.05	-0.036877
-0.25	1.1	-0.0480716
-0.25	1.15	-0.0587486
-0.25	1.2	-0.090876
-0.25	1.25	-0.109258
-0.25	1.3	-0.133478
-0.25	1.35	-0.169808
-0.25	1.4	-0.202872
-0.25	1.45	-0.301046
-0.25	1.5	-0.496597
-0.25	1.55	-0.89825
-0.25	1.6	-1.73135
-0.25	1.65	-3.43414
-0.25	1.7	-5.56722
-0.25	1.75	-7.48453
-0.25	1.8	-9.17577
-0.25	1.85	-10.6663
-0.25	1.9	-11.9788
-0.25	1.95	-13.1334
-0.2	-1	-1.14404
-0.2	-0.95	-1.14404
-0.2	-0.9	-1.14404
-0.2	-0.85	-1.14404
-0.2	-0.8	-1.14404
-0.2	-0.75	-1.14404
-0.2	-0.7	-1.14404
-0.2	-0.65	-1.14402
-0.2	-0.6	-1.13715
-0.2	-0.55	-1.08964
-0.2	-0.5	-1.03329
-0.2	-0.45	-0.978936
-0.2	-0.4	-0.928563
-0.2	-0.35	-0.883106
-0.2	-0.3	-0.843076
-0.2	-0.25	-0.808388
-0.2	-0.2	-0.778144
-0.2	-0.15	-0.751384
-0.2	-0.1	-0.727287
-0.2	-0.05	-0.702628
-0.2	3.19189e-16	-0.674815
-0.2	0.05	-0.643753
-0.2	0.1	-0.60992
-0.2	0.15	-0.57345
-0.2	0.2	-0.533977
-0.2	0.25	-0.490558
-0.2	0.3	-0.442875
-0.2	0.35	-0.391806
-0.2	0.4	-0.338912
-0.2	0.45	-0.288267
-0.2	0.5	-0.242393
-0.2	0.55	-0.199715
-0.2	0.6	-0.158427
-0.2	0.65	-0.120565
-0.2	0.7	-0.0919099
-0.2	0.75	-0.0737725
-0.2	0.8	-0.0642084
-0.2	0.85	-0.0603329
-0.2	0.9	-0.0613048
-0.2	0.95	-0.0758631
-0.2	1	-0.108708
-0.2	1.05	-0.149407
-0.2	1.1	-0.18075
-0.2	1.15	-0.212127
-0.2	1.2	-0.265083
-0.2	1.25	-0.303879
-0.2	1.3	-0.341599
-0.2	1.35	-0.386346
-0.2	1.4	-0.423464
-0.2	1.45	-0.529695
-0.2	1.5	-0.737632
-0.2	1.55	-1.15069
-0.2	1.6	-1.99044
-0.2	1.65	-3.69188
-0.2	1.7	-5.82386
-0.2	1.75	-7.74018
-0.2	1.8	-9.43029
-0.2	1.85	-10.9195
-0.2	1.9	-12.2305
-0.2	1.95	-13.3835
-0.15	-1	-1.15776
-0.15	-0.95	-1.15776
-0.15	-0.9	-1.15776
-0.15	-0.85	-1.15776
-0.15	-0.8	-1.15776
-0.15	-0.75	-1.15776
-0.15	-0.7	-1.15776
-0.15	-0.65	-1.15766
-0.15	-0.6	-1.14317
-0.15	-0.55	-1.09435
-0.15	-0.5	-1.0427
-0.15	-0.45	-0.994189
-0.15	-0.4	-0.950395
-0.15	-0.35	-0.912083
-0.15	-0.3	-0.879266
-0.15	-0.25	-0.850919
-0.15	-0.2	-0.825663
-0.15	-0.15	-0.802649
-0.15	-0.1	-0.778974
-0.15	-0.05	-0.752166
-0.15	3.19189e-16	-0.722231
-0.15	0.05	-0.689484
-0.15	0.1	-0.653908
-0.15	0.15	-0.615568
-0.15	0.2	-0.574056
-0.15	0.25	-0.528824
-0.15	0.3	-0.480306
-0.15	0.35	-0.42984
-0.15	0.4	-0.37902
-0.15	0.45	-0.332154
-0.15	0.5	-0.292147
-0.15	0.55	-0.257553
-0.15	0.6	-0.226452
-0.15	0.65	-0.200417
-0.15	0.7	-0.184059
-0.15	0.75	-0.177967
-0.15	0.8	-0.17968
-0.15	0.85	-0.186089
-0.15	0.9	-0.196267
-0.15	0.95	-0.217639
-0.15	1	-0.254498
-0.15	1.05	-0.29798
-0.15	1.1	-0.333217
-0.15	1.15	-0.370311
-0.15	1.2	-0.429754
-0.15	1.25	-0.475889
-0.15	1.3	-0.517861
-0.15	1.35	-0.566137
-0.15	1.4	-0.607035
-0.15	1.45	-0.720177
-0.15	1.5	-0.938889
-0.15	1.55	-1.36311
-0.15	1.6	-2.21322
-0.15	1.65	-3.92114
-0.15	1.7	-6.05172
-0.15	1.75	-7.96471
-0.15	1.8	-9.65181
-0.15	1.85	-11.1382
-0.15	1.9	-12.4466
-0.15	1.95	-13.597
-0.1	-1	-1.17461
-0.1	-0.95	-1.17461
-0.1	-0.9	-1.17461
-0.1	-0.85	-1.17461
-0.1	-0.8	-1.17461
-0.1	-0.75	-1.17461
-0.1	-0.7	-1.17461
-0.1	-0.65	-1.17415
-0.1	-0.6	-1.15145
-0.1	-0.55	-1.10548
-0.1	-0.5	-1.05994
-0.1	-0.45	-1.0186
-0.1	-0.4	-0.982719
-0.1	-0.35	-0.95265
-0.1	-0.3	-0.927416
-0.1	-0.25	-0.905192
-0.1	-0.2	-0.884774
-0.1	-0.15	-0.863398
-0.1	-0.1	-0.838741
-0.1	-0.05	-0.811026
-0.1	3.19189e-16	-0.78059
-0.1	0.05	-0.74741
-0.1	0.1	-0.711693
-0.1	0.15	-0.673726
-0.1	0.2	-0.633614
-0.1	0.25	-0.591445
-0.1	0.3	-0.547918
-0.1	0.35	-0.504201
-0.1	0.4	-0.461831
-0.1	0.45	-0.425374
-0.1	0.5	-0.398081
-0.1	0.55	-0.378277
-0.1	0.6	-0.363448
-0.1	0.65	-0.353534
-0.1	0.7	-0.349622
-0.1	0.75	-0.35125
-0.1	0.8	-0.356548
-0.1	0.85	-0.363432
-0.1	0.9	-0.371725
-0.1	0.95	-0.388425
-0.1	1	-0.418735
-0.1	1.05	-0.456744
-0.1	1.1	-0.490165
-0.1	1.15	-0.528319
-0.1	1.2	-0.59002
-0.1	1.25	-0.63919
-0.1	1.3	-0.684085
-0.1	1.35	-0.736207
-0.1	1.4	-0.78121
-0.1	1.45	-0.900449
-0.1	1.5	-1.12835
-0.1	1.55	-1.56274
-0.1	1.6	-2.42569
-0.1	1.65	-4.14542
-0.1	1.7	-6.27448
-0.1	1.75	-8.18243
-0.1	1.8	-9.86524
-0.1	1.85	-11.3479
-0.1	1.9	-12.6529
-0.1	1.95	-13.8002
-0.05	-1	-1.19433
-0.05	-0.95	-1.19433
-0.05	-0.9	-1.19433
-0.05	-0.85	-1.19433
-0.05	-0.8	-1.19433
-0.05	-0.75	-1.19433
-0.05	-0.7	-1.19433
-0.05	-0.65	-1.19259
-0.05	-0.6	-1.16429
-0.05	-0.55	-1.12383
-0.05	-0.5	-1.08591
-0.05	-0.45	-1.05319
-0.05	-0.4	-1.02655
-0.05	-0.35	-1.00538
-0.05	-0.3	-0.987571
-0.05	-0.25	-0.971312
-0.05	-0.2	-0.953755
-0.05	-0.15	-0.932585
-0.05	-0.1	-0.908299
-0.05	-0.05	-0.881394
-0.05	3.19189e-16	-0.85208
-0.05	0.05	-0.820868
-0.05	0.1	-0.788348
-0.05	0.15	-0.755296
-0.05	0.2	-0.722313
-0.05	0.25	-0.689691
-0.05	0.3	-0.658012
-0.05	0.35	-0.62792
-0.05	0.4	-0.600558
-0.05	0.45	-0.579461
-0.05	0.5	-0.565838
-0.05	0.55	-0.556933
-0.05	0.6	-0.550563
-0.05	0.65	-0.546576
-0.05	0.7	-0.545727
-0.05	0.75	-0.548702
-0.05	0.8	-0.554613
-0.05	0.85	-0.56177
-0.05	0.9	-0.570225
-0.05	0.95	-0.587406
-0.05	1	-0.619442
-0.05	1.05	-0.66204
-0.05	1.1	-0.70242
-0.05	1.15	-0.747816
-0.05	1.2	-0.816741
-0.05	1.25	-0.873838
-0.05	1.3	-0.926459
-0.05	1.35	-0.986396
-0.05	1.4	-1.03794
-0.05	1.45	-1.16575
-0.05	1.5	-1.40668
-0.05	1.55	-1.85794
-0.05	1.6	-2.7497
-0.05	1.65	-4.5099
-0.05	1.7	-6.6326
-0.05	1.75	-8.52754
-0.05	1.8	-10.1993
-0.05	1.85	-11.6726
-0.05	1.9	-12.9694
-0.05	1.95	-14.1094
1.20737e-15	-1	-1.21668
1.20737e-15	-0.95	-1.21668
1.20737e-15	-0.9	-1.21668
1.20737e-15	-0.85	-1.21668
1.20737e-15	-0.8	-1.21668
1.20737e-15	-0.75	-1.21668
1.20737e-15	-0.7	-1.21666
1.20737e-15	-0.65	-1.21208
1.20737e-15	-0.6	-1.18325
1.20737e-15	-0.55	-1.15034
1.20737e-15	-0.5	-1.12167
1.20737e-15	-0.45	-1.09913
1.20737e-15	-0.4	-1.08277
1.20737e-15	-0.35	-1.07055
1.20737e-15	-0.3	-1.05997
1.20737e-15	-0.25	-1.0479
1.20737e-15	-0.2	-1.03174
1.20737e-15	-0.15	-1.01224
1.20737e-15	-0.1	-0.990195
1.20737e-15	-0.05	-0.966199
1.20737e-15	3.19189e-16	-0.941242
1.20737e-15	0.05	-0.916264
1.20737e-15	0.1	-0.89222
1.20737e-15	0.15	-0.870162
1.20737e-15	0.2	-0.850807
1.20737e-15	0.25	-0.834138
1.20737e-15	0.3	-0.819567
1.20737e-15	0.35	-0.806048
1.20737e-15	0.4	-0.793713
1.20737e-15	0.45	-0.783878
1.20737e-15	0.5	-0.776721
1.20737e-15	0.55	-0.77205
1.20737e-15	0.6	-0.770011
1.20737e-15	0.65	-0.77098
1.20737e-15	0.7	-0.775589
1.20737e-15	0.75	-0.784543
1.20737e-15	0.8	-0.797004
1.20737e-15	0.85	-0.811095
1.20737e-15	0.9	-0.827532
1.20737e-15	0.95	-0.854624
1.20737e-15	1	-0.898767
1.20737e-15	1.05	-0.95516
1.20737e-15	1.1	-1.00943
1.20737e-15	1.15	-1.06711
1.20737e-15	1.2	-1.14868
1.20737e-15	1.25	-1.22037
1.20737e-15	1.3	-1.28661
1.20737e-15	1.35	-1.35943
1.20737e-15	1.4	-1.422
1.20737e-15	1.45	-1.56342
1.20737e-15	1.5	-1.82527
1.20737e-15	1.55	-2.31007
1.20737e-15	1.6	-3.26767
1.20737e-15	1.65	-5.13219
1.20737e-15	1.7	-7.23211
1.20737e-15	1.75	-9.09775
1.20737e-15	1.8	-10.7442
1.20737e-15	1.85	-12.1957
1.20737e-15	1.9	-13.4735
1.20737e-15	1.95	-14.5971
0.05	-1	-1.24143
0.05	-0.95	-1.24143
0.05	-0.9	-1.24143
0.05	-0.85	-1.24143
0.05	-0.8	-1.24143
0.05	-0.75	-1.24143
0.05	-0.7	-1.24137
0.05	-0.65	-1.23362
0.05	-0.6	-1.20957
0.05	-0.55	-1.18618
0.05	-0.5	-1.16852
0.05	-0.45	-1.1576
0.05	-0.4	-1.15195
0.05	-0.35	-1.14849
0.05	-0.3	-1.14365
0.05	-0.25	-1.1342
0.05	-0.2	-1.12101
0.05	-0.15	-1.10529
0.05	-0.1	-1.08813
0.05	-0.05	-1.07107
0.05	3.19189e-16	-1.05546
0.05	0.05	-1.04242
0.05	0.1	-1.03288
0.05	0.15	-1.02732
0.05	0.2	-1.02498
0.05	0.25	-1.02362
0.05	0.3	-1.02069
0.05	0.35	-1.01571
0.05	0.4	-1.0106
0.05	0.45	-1.00738
0.05	0.5	-1.00715
0.05	0.55	-1.01046
0.05	0.6	-1.0174
0.05	0.65	-1.0276
0.05	0.7	-1.0412
0.05	0.75	-1.05953
0.05	0.8	-1.08224
0.05	0.85	-1.10741
0.05	0.9	-1.1356
0.05	0.95	-1.17511
0.05	1	-1.23138
0.05	1.05	-1.29855
0.05	1.1	-1.36367
0.05	1.15	-1.43286
0.05	1.2	-1.52816
0.05	1.25	-1.61622
0.05	1.3	-1.6981
0.05	1.35	-1.78651
0.05	1.4	-1.86426
0.05	1.45	-2.02367
0.05	1.5	-2.31487
0.05	1.55	-2.85443
0.05	1.6	-3.93919
0.05	1.65	-5.94977
0.05	1.7	-8.00527
0.05	1.75	-9.82566
0.05	1.8	-11.4323
0.05	1.85	-12.8488
0.05	1.9	-14.0963
0.05	1.95	-15.1934
0.1	-1	-1.26838
0.1	-0.95	-1.26838
0.1	-0.9	-1.26838
0.1	-0.85	-1.26838
0.1	-0.8	-1.26838
0.1	-0.75	-1.26838
0.1	-0.7	-1.2682
0.1	-0.65	-1.25999
0.1	-0.6	-1.2445
0.1	-0.55	-1.2327
0.1	-0.5	-1.22788
0.1	-0.45	-1.22957
0.1	-0.4	-1.23453
0.1	-0.35	-1.23868
0.1	-0.3	-1.23784
0.1	-0.25	-1.23264
0.1	-0.2	-1.22484
0.1	-0.15	-1.21613
0.1	-0.1	-1.20862
0.1	-0.05	-1.20406
0.1	3.19189e-16	-1.2037
0.1	0.05	-1.20789
0.1	0.1	-1.21576
0.1	0.15	-1.22516
0.1	0.2	-1.23338
0.1	0.25	-1.23892
0.1	0.3	-1.24225
0.1	0.35	-1.245
0.1	0.4	-1.24902
0.1	0.45	-1.25604
0.1	0.5	-1.2671
0.1	0.55	-1.28229
0.1	0.6	-1.30078
0.1	0.65	-1.32156
0.1	0.7	-1.34562
0.1	0.75	-1.37554
0.1	0.8	-1.41107
0.1	0.85	-1.44872
0.1	0.9	-1.48702
0.1	0.95	-1.53524
0.1	1	-1.59985
0.1	1.05	-1.67681
0.1	1.1	-1.75398
0.1	1.15	-1.83641
0.1	1.2	-1.94655
0.1	1.25	-2.05201
0.1	1.3	-2.15237
0.1	1.35	-2.26103
0.1	1.4	-2.35946
0.1	1.45	-2.54454
0.1	1.5	-2.88181
0.1	1.55	-3.50542
0.1	1.6	-4.86557
0.1	1.65	-6.96941
0.1	1.7	-8.96048
0.1	1.75	-10.7192
0.1	1.8	-12.2706
0.1	1.85	-13.6383
0.1	1.9	-14.8427
0.1	1.95	-15.9019
0.15	-1	-1.29734
0.15	-0.95	-1.29734
0.15	-0.9	-1.29734
0.15	-0.85	-1.29734
0.15	-0.8	-1.29734
0.15	-0.75	-1.29734
0.15	-0.7	-1.29722
0.15	-0.65	-1.29359
0.15	-0.6	-1.28949
0.15	-0.55	-1.2915
0.15	-0.5	-1.30114
0.15	-0.45	-1.31568
0.15	-0.4	-1.33051
0.15	-0.35	-1.34031
0.15	-0.3	-1.34496
0.15	-0.25	-1.34681
0.15	-0.2	-1.34823
0.15	-0.15	-1.35197
0.15	-0.1	-1.36012
0.15	-0.05	-1.37376
0.15	3.19189e-16	-1.39209
0.15	0.05	-1.4124
0.15	0.1	-1.4319
0.15	0.15	-1.44938
0.15	0.2	-1.46496
0.15	0.25	-1.4795
0.15	0.3	-1.49414
0.15	0.35	-1.51001
0.15	0.4	-1.52852
0.15	0.45	-1.55112
0.15	0.5	-1.57819
0.15	0.55	-1.60863
0.15	0.6	-1.64105
0.15	0.65	-1.6753
0.15	0.7	-1.71336
0.15	0.75	-1.75787
0.15	0.8	-1.80751
0.15	0.85	-1.85766
0.15	0.9	-1.90704
0.15	0.95	-1.96793
0.15	1	-2.04891
0.15	1.05	-2.14485
0.15	1.1	-2.24311
0.15	1.15	-2.34679
0.15	1.2	-2.47844
0.15	1.25	-2.60864
0.15	1.3	-2.73509
0.15	1.35	-2.87372
0.15	1.4	-3.0096
0.15	1.45	-3.24753
0.15	1.5	-3.67269
0.15	1.55	-4.54982
0.15	1.6	-6.32914
0.15	1.65	-8.42894
0.15	1.7	-10.3251
0.15	1.75	-11.9941
0.15	1.8	-13.463
0.15	1.85	-14.7557
0.15	1.9	-15.8925
0.15	1.95	-16.891
0.2	-1	-1.32813
0.2	-0.95	-1.32813
0.2	-0.9	-1.32813
0.2	-0.85	-1.32813
0.2	-0.8	-1.32813
0.2	-0.75	-1.32814
0.2	-0.7	-1.32989
0.2	-0.65	-1.33622
0.2	-0.6	-1.34628
0.2	-0.55	-1.36433
0.2	-0.5	-1.38936
0.2	-0.45	-1.41639
0.2	-0.4	-1.43903
0.2	-0.35	-1.45554
0.2	-0.3	-1.4689
0.2	-0.25	-1.48225
0.2	-0.2	-1.49898
0.2	-0.15	-1.52148
0.2	-0.1	-1.55021
0.2	-0.05	-1.58259
0.2	3.19189e-16	-1.61459
0.2	0.05	-1.6445
0.2	0.1	-1.6729
0.2	0.15	-1.70094
0.2	0.2	-1.73003
0.2	0.25	-1.7613
0.2	0.3	-1.79491
0.2	0.35	-1.83087
0.2	0.4	-1.8699
0.2	0.45	-1.91255
0.2	0.5	-1.95822
0.2	0.55	-2.00591
0.2	0.6	-2.05479
0.2	0.65	-2.1051
0.2	0.7	-2.15912
0.2	0.75	-2.21998
0.2	0.8	-2.28684
0.2	0.85	-2.35423
0.2	0.9	-2.42003
0.2	0.95	-2.49846
0.2	1	-2.59828
0.2	1.05	-2.71268
0.2	1.1	-2.8302
0.2	1.15	-2.95447
0.2	1.2	-3.10792
0.2	1.25	-3.26662
0.2	1.3	-3.42908
0.2	1.35	-3.61846
0.2	1.4	-3.82397
0.2	1.45	-4.15935
0.2	1.5	-4.86056
0.2	1.55	-6.30508
0.2	1.6	-8.28858
0.2	1.65	-10.3088
0.2	1.7	-12.0825
0.2	1.75	-13.6357
0.2	1.8	-14.9961
0.2	1.85	-16.1878
0.2	1.9	-17.2315
0.2	1.95	-18.1444
0.25	-1	-1.36059
0.25	-0.95	-1.36059
0.25	-0.9	-1.36059
0.25	-0.85	-1.36059
0.25	-0.8	-1.36059
0.25	-0.75	-1.36072
0.25	-0.7	-1.36932
0.25	-0.65	-1.38971
0.25	-0.6	-1.41682
0.25	-0.55	-1.45281
0.25	-0.5	-1.49332
0.25	-0.45	-1.53104
0.25	-0.4	-1.56171
0.25	-0.35	-1.58856
0.25	-0.3	-1.61568
0.25	-0.25	-1.64723
0.25	-0.2	-1.68574
0.25	-0.15	-1.73056
0.25	-0.1	-1.7771
0.25	-0.05	-1.82136
0.25	3.19189e-16	-1.86364
0.25	0.05	-1.9058
0.25	0.1	-1.94998
0.25	0.15	-1.99823
0.25	0.2	-2.05102
0.25	0.25	-2.10676
0.25	0.3	-2.1636
0.25	0.35	-2.22138
0.25	0.4	-2.28081
0.25	0.45	-2.34254
0.25	0.5	-2.40646
0.25	0.55	-2.47194
0.25	0.6	-2.53842
0.25	0.65	-2.60603
0.25	0.7	-2.67821
0.25	0.75	-2.75921
0.25	0.8	-2.84756
0.25	0.85	-2.93771
0.25	0.9	-3.02554
0.25	0.95	-3.12531
0.25	1	-3.24597
0.25	1.05	-3.38316
0.25	1.1	-3.52671
0.25	1.15	-3.68081
0.25	1.2	-3.86897
0.25	1.25	-4.07676
0.25	1.3	-4.30922
0.25	1.35	-4.59926
0.25	1.4	-4.99309
0.25	1.45	-5.80431
0.25	1.5	-6.98916
0.25	1.55	-8.85064
0.25	1.6	-10.9304
0.25	1.65	-12.7648
0.25	1.7	-14.3697
0.25	1.75	-15.7686
0.25	1.8	-16.9844
0.25	1.85	-18.039
0.25	1.9	-18.952
0.25	1.95	-19.7391
0.3	-1	-1.39456
0.3	-0.95	-1.39456
0.3	-0.9	-1.39456
0.3	-0.85	-1.39456
0.3	-0.8	-1.39456
0.3	-0.75	-1.39568
0.3	-0.7	-1.41851
0.3	-0.65	-1.45622
0.3	-0.6	-1.50327
0.3	-0.55	-1.55813
0.3	-0.5	-1.613
0.3	-0.45	-1.66045
0.3	-0.4	-1.70293
0.3	-0.35	-1.74573
0.3	-0.3	-1.79397
0.3	-0.25	-1.85024
0.3	-0.2	-1.9123
0.3	-0.15	-1.97387
0.3	-0.1	-2.03242
0.3	-0.05	-2.09015
0.3	3.19189e-16	-2.1501
0.3	0.05	-2.21527
0.3	0.1	-2.28701
0.3	0.15	-2.36333
0.3	0.2	-2.44022
0.3	0.25	-2.51636
0.3	0.3	-2.59303
0.3	0.35	-2.67106
0.3	0.4	-2.75112
0.3	0.45	-2.83384
0.3	0.5	-2.9194
0.3	0.55	-3.00786
0.3	0.6	-3.09935
0.3	0.65	-3.19505
0.3	0.7	-3.29841
0.3	0.75	-3.40988
0.3	0.8	-3.5253
0.3	0.85	-3.64121
0.3	0.9	-3.75641
0.3	0.95	-3.8825
0.3	1	-4.03114
0.3	1.05	-4.20086
0.3	1.1	-4.3837
0.3	1.15	-4.58416
0.3	1.2	-4.8357
0.3	1.25	-5.14065
0.3	1.3	-5.53853
0.3	1.35	-6.25434
0.3	1.4	-7.26417
0.3	1.45	-8.55213
0.3	1.5	-10.6826
0.3	1.55	-12.6545
0.3	1.6	-14.3886
0.3	1.65	-15.9047
0.3	1.7	-17.222
0.3	1.75	-18.3597
0.3	1.8	-19.337
0.3	1.85	-20.1706
0.3	1.9	-20.8695
0.3	1.95	-21.4282
0.35	-1	-1.42992
0.35	-0.95	-1.42992
0.35	-0.9	-1.42992
0.35	-0.85	-1.42992
0.35	-0.8	-1.42994
0.35	-0.75	-1.43584
0.35	-0.7	-1.47965
0.35	-0.65	-1.53823
0.35	-0.6	-1.60755
0.35	-0.55	-1.68105
0.35	-0.5	-1.74833
0.35	-0.45	-1.80887
0.35	-0.4	-1.86934
0.35	-0.35	-1.93616
0.35	-0.3	-2.01205
0.35	-0.25	-2.09288
0.35	-0.2	-2.17139
0.35	-0.15	-2.24726
0.35	-0.1	-2.32442
0.35	-0.05	-2.40699
0.35	3.19189e-16	-2.49752
0.35	0.05	-2.5943
0.35	0.1	-2.69202
0.35	0.15	-2.78798
0.35	0.2	-2.88431
0.35	0.25	-2.98329
0.35	0.3	-3.08589
0.35	0.35	-3.19145
0.35	0.4	-3.29976
0.35	0.45	-3.41261
0.35	0.5	-3.53177
0.35	0.55	-3.65613
0.35	0.6	-3.78176
0.35	0.65	-3.90409
0.35	0.7	-4.02731
0.35	0.75	-4.15794
0.35	0.8	-4.29774
0.35	0.85	-4.446
0.35	0.9	-4.59776
0.35	0.95	-4.76365
0.35	1	-4.95738
0.35	1.05	-5.18304
0.35	1.1	-5.4449
0.35	1.15	-5.75344
0.35	1.2	-6.1701
0.35	1.25	-6.88958
0.35	1.3	-7.93991
0.35	1.35	-9.24587
0.35	1.4	-11.3719
0.35	1.45	-13.3419
0.35	1.5	-15.0722
0.35	1.55	-16.5826
0.35	1.6	-17.8927
0.35	1.65	-19.0225
0.35	1.7	-19.9908
0.35	1.75	-20.8102
0.35	1.8	-21.4744
0.35	1.85	-21.9535
0.35	1.9	-22.2371
0.35	1.95	-22.3795
0.4	-1	-1.46655
0.4	-0.95	-1.46655
0.4	-0.9	-1.46655
0.4	-0.85	-1.46655
0.4	-0.8	-1.4667
0.4	-0.75	-1.48645
0.4	-0.7	-1.55516
0.4	-0.65	-1.63838
0.4	-0.6	-1.73106
0.4	-0.55	-1.82128
0.4	-0.5	-1.90284
0.4	-0.45	-1.98312
0.4	-0.4	-2.07042
0.4	-0.35	-2.16795
0.4	-0.3	-2.26964
0.4	-0.25	-2.36786
0.4	-0.2	-2.46474
0.4	-0.15	-2.5659
0.4	-0.1	-2.67571
0.4	-0.05	-2.79373
0.4	3.19189e-16	-2.91409
0.4	0.05	-3.03264
0.4	0.1	-3.15161
0.4	0.15	-3.27414
0.4	0.2	-3.40232
0.4	0.25	-3.53659
0.4	0.3	-3.67538
0.4	0.35	-3.81637
0.4	0.4	-3.95808
0.4	0.45	-4.0996
0.4	0.5	-4.24248
0.4	0.55	-4.39123
0.4	0.6	-4.54853
0.4	0.65	-4.71133
0.4	0.7	-4.88055
0.4	0.75	-5.05611
0.4	0.8	-5.23883
0.4	0.85	-5.43067
0.4	0.9	-5.63092
0.4	0.95	-5.85695
0.4	1	-6.13499
0.4	1.05	-6.48097
0.4	1.1	-6.94701
0.4	1.15	-7.7494
0.4	1.2	-8.78382
0.4	1.25	-10.2643
0.4	1.3	-12.4021
0.4	1.35	-14.3325
0.4	1.4	-16.026
0.4	1.45	-17.5024
0.4	1.5	-18.781
0.4	1.55	-19.8807
0.4	1.6	-20.815
0.4	1.65	-21.5743
0.4	1.7	-22.1076
0.4	1.75	-22.3931
0.4	1.8	-22.5171
0.4	1.85	-22.5726
0.4	1.9	-22.6025
0.4	1.95	-22.6218
0.45	-1	-1.50432
0.45	-0.95	-1.50432
0.45	-0.9	-1.50432
0.45	-0.85	-1.50432
0.45	-0.8	-1.50543
0.45	-0.75	-1.55185
0.45	-0.7	-1.64805
0.45	-0.65	-1.75906
0.45	-0.6	-1.87436
0.45	-0.55	-1.98076
0.45	-0.5	-2.08333
0.45	-0.45	-2.19303
0.45	-0.4	-2.31437
0.45	-0.35	-2.4396
0.45	-0.3	-2.56088
0.45	-0.25	-2.68286
0.45	-0.2	-2.81269
0.45	-0.15	-2.95298
0.45	-0.1	-3.09832
0.45	-0.05	-3.24239
0.45	3.19189e-16	-3.38702
0.45	0.05	-3.53653
0.45	0.1	-3.69358
0.45	0.15	-3.85861
0.45	0.2	-4.02937
0.45	0.25	-4.20283
0.45	0.3	-4.37452
0.45	0.35	-4.53944
0.45	0.4	-4.70328
0.45	0.45	-4.87958
0.45	0.5	-5.07202
0.45	0.55	-5.26839
0.45	0.6	-5.46479
0.45	0.65	-5.66452
0.45	0.7	-5.87031
0.45	0.75	-6.08819
0.45	0.8	-6.32742
0.45	0.85	-6.59566
0.45	0.9	-6.89411
0.45	0.95	-7.25673
0.45	1	-7.82478
0.45	1.05	-8.83618
0.45	1.1	-9.91678
0.45	1.15	-11.8058
0.45	1.2	-13.8807
0.45	1.25	-15.7101
0.45	1.3	-17.3084
0.45	1.35	-18.6955
0.45	1.4	-19.8908
0.45	1.45	-20.9082
0.45	1.5	-21.7294
0.45	1.55	-22.2744
0.45	1.6	-22.5279
0.45	1.65	-22.6247
0.45	1.7	-22.6674
0.45	1.75	-22.6923
0.45	1.8	-22.71
0.45	1.85	-22.724
0.45	1.9	-22.7358
0.45	1.95	-22.7459
0.5	-1	-1.54314
0.5	-0.95	-1.54314
0.5	-0.9	-1.54314
0.5	-0.85	-1.54316
0.5	-0.8	-1.5495
0.5	-0.75	-1.63444
0.5	-0.7	-1.76168
0.5	-0.65	-1.90196
0.5	-0.6	-2.03774
0.5	-0.55	-2.16582
0.5	-0.5	-2.2999
0.5	-0.45	-2.44734
0.5	-0.4	-2.5993
0.5	-0.35	-2.74734
0.5	-0.3	-2.89869
0.5	-0.25	-3.06137
0.5	-0.2	-3.23375
0.5	-0.15	-3.40683
0.5	-0.1	-3.57971
0.5	-0.05	-3.75836
0.5	3.19189e-16	-3.94689
0.5	0.05	-4.14594
0.5	0.1	-4.35184
0.5	0.15	-4.55924
0.5	0.2	-4.76305
0.5	0.25	-4.9645
0.5	0.3	-5.17345
0.5	0.35	-5.39584
0.5	0.4	-5.62269
0.5	0.45	-5.84661
0.5	0.5	-6.07255
0.5	0.55	-6.31126
0.5	0.6	-6.57081
0.5	0.65	-6.85025
0.5	0.7	-7.1521
0.5	0.75	-7.48261
0.5	0.8	-7.87104
0.5	0.85	-8.42802
0.5	0.9	-9.34329
0.5	0.95	-10.2606
0.5	1	-11.8572
0.5	1.05	-13.9901
0.5	1.1	-15.8989
0.5	1.15	-17.575
0.5	1.2	-19.0367
0.5	1.25	-20.2983
0.5	1.3	-21.3571
0.5	1.35	-22.1344
0.5	1.4	-22.5223
0.5	1.45	-22.6564
0.5	1.5	-22.7092
0.5	1.55	-22.7394
0.5	1.6	-22.7616
0.5	1.65	-22.7796
0.5	1.7	-22.795
0.5	1.75	-22.8084
0.5	1.8	-22.8201
0.5	1.85	-22.8304
0.5	1.9	-22.8395
0.5	1.95	-22.8475
0.55	-1	-1.58292
0.55	-0.95	-1.58292
0.55	-0.9	-1.58292
0.55	-0.85	-1.58303
0.55	-0.8	-1.60745
0.55	-0.75	-1.73688
0.55	-0.7	-1.89916
0.55	-0.65	-2.06755
0.55	-0.6	-2.22581
0.55	-0.55	-2.38655
0.55	-0.5	-2.56232
0.55	-0.45	-2.74461
0.55	-0.4	-2.92335
0.55	-0.35	-3.10828
0.55	-0.3	-3.30723
0.55	-0.25	-3.51296
0.55	-0.2	-3.71764
0.55	-0.15	-3.92715
0.55	-0.1	-4.14828
0.55	-0.05	-4.38272
0.55	3.19189e-16	-4.62664
0.55	0.05	-4.8737
0.55	0.1	-5.1183
0.55	0.15	-5.36676
0.55	0.2	-5.62966
0.55	0.25	-5.90135
0.55	0.3	-6.1645
0.55	0.35	-6.42814
0.55	0.4	-6.70888
0.55	0.45	-7.0081
0.55	0.5	-7.31934
0.55	0.55	-7.64973
0.55	0.6	-8.00699
0.55	0.65	-8.4143
0.55	0.7	-8.98271
0.55	0.75	-9.92938
0.55	0.8	-10.9323
0.55	0.85	-12.5983
0.55	0.9	-14.7202
0.55	0.95	-16.609
0.55	1	-18.2625
0.55	1.05	-19.6983
0.55	1.1	-20.9252
0.55	1.15	-21.8954
0.55	1.2	-22.45
0.55	1.25	-22.6449
0.55	1.3	-22.7157
0.55	1.35	-22.7554
0.55	1.4	-22.7852
0.55	1.45	-22.8098
0.55	1.5	-22.8311
0.55	1.55	-22.8496
0.55	1.6	-22.866
0.55	1.65	-22.8804
0.55	1.7	-22.8931
0.55	1.75	-22.9044
0.55	1.8	-22.9144
0.55	1.85	-22.9232
0.55	1.9	-22.9311
0.55	1.95	-22.9381
0.6	-1	-1.62357
0.6	-0.95	-1.62357
0.6	-0.9	-1.62357
0.6	-0.85	-1.62437
0.6	-0.8	-1.68801
0.6	-0.75	-1.86302
0.6	-0.7	-2.06262
0.6	-0.65	-2.25742
0.6	-0.6	-2.4481
0.6	-0.55	-2.65418
0.6	-0.5	-2.87061
0.6	-0.45	-3.08417
0.6	-0.4	-3.30667
0.6	-0.35	-3.54491
0.6	-0.3	-3.78666
0.6	-0.25	-4.02962
0.6	-0.2	-4.2841
0.6	-0.15	-4.55481
0.6	-0.1	-4.83809
0.6	-0.05	-5.12752
0.6	3.19189e-16	-5.41904
0.6	0.05	-5.72333
0.6	0.1	-6.04291
0.6	0.15	-6.35355
0.6	0.2	-6.6587
0.6	0.25	-6.98352
0.6	0.3	-7.33281
0.6	0.35	-7.69135
0.6	0.4	-8.06238
0.6	0.45	-8.46251
0.6	0.5	-8.93074
0.6	0.55	-9.58016
0.6	0.6	-10.5905
0.6	0.65	-11.6253
0.6	0.7	-13.4114
0.6	0.75	-15.5104
0.6	0.8	-17.3669
0.6	0.85	-18.9876
0.6	0.9	-20.3859
0.6	0.95	-21.54
0.6	1	-22.2897
0.6	1.05	-22.5761
0.6	1.1	-22.6752
0.6	1.15	-22.7303
0.6	1.2	-22.772
0.6	1.25	-22.807
0.6	1.3	-22.8373
0.6	1.35	-22.8639
0.6	1.4	-22.8873
0.6	1.45	-22.9079
0.6	1.5	-22.9262
0.6	1.55	-22.9424
0.6	1.6	-22.9568
0.6	1.65	-22.9695
0.6	1.7	-22.9809
0.6	1.75	-22.9909
0.6	1.8	-22.9999
0.6	1.85	-23.0078
0.6	1.9	-23.0149
0.6	1.95	-23.0212
0.65	-1	-1.665
0.65	-0.95	-1.665
0.65	-0.9	-1.66501
0.65	-0.85	-1.6701
0.65	-0.8	-1.79482
0.65	-0.75	-2.01698
0.65	-0.7	-2.25277
0.65	-0.65	-2.47908
0.65	-0.6	-2.71722
0.65	-0.55	-2.97139
0.65	-0.5	-3.22415
0.65	-0.45	-3.48799
0.65	-0.4	-3.76883
0.65	-0.35	-4.05131
0.65	-0.3	-4.34016
0.65	-0.25	-4.64722
0.65	-0.2	-4.9715
0.65	-0.15	-5.30537
0.65	-0.1	-5.64538
0.65	-0.05	-6.00417
0.65	3.19189e-16	-6.38089
0.65	0.05	-6.74049
0.65	0.1	-7.10532
0.65	0.15	-7.50058
0.65	0.2	-7.9114
0.65	0.25	-8.32816
0.65	0.3	-8.77324
0.65	0.35	-9.29119
0.65	0.4	-9.97449
0.65	0.45	-11.0284
0.65	0.5	-12.2139
0.65	0.55	-14.1025
0.65	0.6	-16.1686
0.65	0.65	-17.9824
0.65	0.7	-19.5553
0.65	0.75	-20.8918
0.65	0.8	-21.901
0.65	0.85	-22.3934
0.65	0.9	-22.5617
0.65	0.95	-22.6457
0.65	1	-22.7071
0.65	1.05	-22.7583
0.65	1.1	-22.8025
0.65	1.15	-22.8413
0.65	1.2	-22.8755
0.65	1.25	-22.9056
0.65	1.3	-22.9323
0.65	1.35	-22.9559
0.65	1.4	-22.9769
0.65	1.45	-22.9955
0.65	1.5	-23.0121
0.65	1.55	-23.0268
0.65	1.6	-23.0398
0.65	1.65	-23.0514
0.65	1.7	-23.0618
0.65	1.75	-23.071
0.65	1.8	-23.0791
0.65	1.85	-23.0864
0.65	1.9	-23.0929
0.65	1.95	-23.0987
0.7	-1	-1.70716
0.7	-0.95	-1.70716
0.7	-0.9	-1.70723
0.7	-0.85	-1.7307
0.7	-0.8	-1.93027
0.7	-0.75	-2.20177
0.7	-0.7	-2.47263
0.7	-0.65	-2.74548
0.7	-0.6	-3.03999
0.7	-0.55	-3.33674
0.7	-0.5	-3.64554
0.7	-0.45	-3.97308
0.7	-0.4	-4.30236
0.7	-0.35	-4.64462
0.7	-0.3	-5.00999
0.7	-0.25	-5.39044
0.7	-0.2	-5.78016
0.7	-0.15	-6.18986
0.7	-0.1	-6.6265
0.7	-0.05	-7.04818
0.7	3.19189e-16	-7.48205
0.7	0.05	-7.94893
0.7	0.1	-8.42473
0.7	0.15	-8.92254
0.7	0.2	-9.48659
0.7	0.25	-10.1798
0.7	0.3	-11.2025
0.7	0.35	-12.4906
0.7	0.4	-14.3255
0.7	0.45	-16.3968
0.7	0.5	-18.2121
0.7	0.55	-19.7781
0.7	0.6	-21.0816
0.7	0.65	-21.9609
0.7	0.7	-22.323
0.7	0.75	-22.4704
0.7	0.8	-22.5657
0.7	0.85	-22.6426
0.7	0.9	-22.7085
0.7	0.95	-22.766
0.7	1	-22.8165
0.7	1.05	-22.8611
0.7	1.1	-22.9006
0.7	1.15	-22.9355
0.7	1.2	-22.9664
0.7	1.25	-22.9939
0.7	1.3	-23.0183
0.7	1.35	-23.04
0.7	1.4	-23.0593
0.7	1.45	-23.0764
0.7	1.5	-23.0917
0.7	1.55	-23.1052
0.7	1.6	-23.1173
0.7	1.65	-23.128
0.7	1.7	-23.1376
0.7	1.75	-23.1461
0.7	1.8	-23.1537
0.7	1.85	-23.1604
0.7	1.9	-23.1665
0.7	1.95	-23.1718
0.75	-1	-1.74998
0.75	-0.95	-1.74998
0.75	-0.9	-1.7505
0.75	-0.85	-1.82241
0.75	-0.8	-2.09855
0.75	-0.75	-2.41865
0.75	-0.7	-2.73282
0.75	-0.65	-3.06847
0.75	-0.6	-3.41441
0.75	-0.55	-3.77181
0.75	-0.5	-4.15096
0.75	-0.45	-4.53358
0.75	-0.4	-4.93613
0.75	-0.35	-5.3641
0.75	-0.3	-5.8053
0.75	-0.25	-6.26341
0.75	-0.2	-6.75837
0.75	-0.15	-7.25235
0.75	-0.1	-7.75838
0.75	-0.05	-8.29889
0.75	3.19189e-16	-8.85003
0.75	0.05	-9.44833
0.75	0.1	-10.1461
0.75	0.15	-11.0539
0.75	0.2	-12.4001
0.75	0.25	-14.0722
0.75	0.3	-16.1698
0.75	0.35	-18.0288
0.75	0.4	-19.6277
0.75	0.45	-20.942
0.75	0.5	-21.7862
0.75	0.55	-22.1363
0.75	0.6	-22.305
0.75	0.65	-22.4258
0.75	0.7	-22.526
0.75	0.75	-22.6126
0.75	0.8	-22.6883
0.75	0.85	-22.755
0.75	0.9	-22.8138
0.75	0.95	-22.8659
0.75	1	-22.912
0.75	1.05	-22.9529
0.75	1.1	-22.9892
0.75	1.15	-23.0215
0.75	1.2	-23.0502
0.75	1.25	-23.0756
0.75	1.3	-23.0983
0.75	1.35	-23.1185
0.75	1.4	-23.1364
0.75	1.45	-23.1524
0.75	1.5	-23.1666
0.75	1.55	-23.1792
0.75	1.6	-23.1905
0.75	1.65	-23.2005
0.75	1.7	-23.2095
0.75	1.75	-23.2174
0.75	1.8	-23.2245
0.75	1.85	-23.2308
0.75	1.9	-23.2364
0.75	1.95	-23.2415
0.8	-1	-1.7934
0.8	-0.95	-1.7934
0.8	-0.9	-1.79695
0.8	-0.85	-1.95431
0.8	-0.8	-2.30397
0.8	-0.75	-2.67164
0.8	-0.7	-3.04877
0.8	-0.65	-3.44844
0.8	-0.6	-3.85841
0.8	-0.55	-4.29447
0.8	-0.5	-4.73704
0.8	-0.45	-5.20596
0.8	-0.4	-5.7011
0.8	-0.35	-6.21073
0.8	-0.3	-6.75383
0.8	-0.25	-7.32372
0.8	-0.2	-7.89963
0.8	-0.15	-8.51625
0.8	-0.1	-9.14867
0.8	-0.05	-9.84501
0.8	3.19189e-16	-10.6671
0.8	0.05	-11.807
0.8	0.1	-13.3746
0.8	0.15	-15.3948
0.8	0.2	-17.3543
0.8	0.25	-19.0429
0.8	0.3	-20.4443
0.8	0.35	-21.393
0.8	0.4	-21.8267
0.8	0.45	-22.0473
0.8	0.5	-22.2075
0.8	0.55	-22.3407
0.8	0.6	-22.4558
0.8	0.65	-22.5565
0.8	0.7	-22.6452
0.8	0.75	-22.7234
0.8	0.8	-22.7927
0.8	0.85	-22.854
0.8	0.9	-22.9084
0.8	0.95	-22.9567
0.8	1	-22.9996
0.8	1.05	-23.0378
0.8	1.1	-23.0717
0.8	1.15	-23.1018
0.8	1.2	-23.1286
0.8	1.25	-23.1525
0.8	1.3	-23.1738
0.8	1.35	-23.1927
0.8	1.4	-23.2095
0.8	1.45	-23.2245
0.8	1.5	-23.2378
0.8	1.55	-23.2497
0.8	1.6	-23.2603
0.8	1.65	-23.2697
0.8	1.7	-23.2781
0.8	1.75	-23.2856
0.8	1.8	-23.2923
0.8	1.85	-23.2982
0.8	1.9	-23.3035
0.8	1.95	-23.3083
0.85	-1	-1.83736
0.85	-0.95	-1.83741
0.85	-0.9	-1.85652
0.85	-0.85	-2.12895
0.85	-0.8	-2.54873
0.85	-0.75	-2.97414
0.85	-0.7	-3.42844
0.85	-0.65	-3.89614
0.85	-0.6	-4.39403
0.85	-0.55	-4.90309
0.85	-0.5	-5.444
0.85	-0.45	-6.01241
0.85	-0.4	-6.60121
0.85	-0.35	-7.23571
0.85	-0.3	-7.88319
0.85	-0.25	-8.57187
0.85	-0.2	-9.28754
0.85	-0.15	-10.0682
0.85	-0.1	-10.9941
0.85	-0.05	-12.3056
0.85	3.19189e-16	-14.0718
0.85	0.05	-16.1405
0.85	0.1	-17.9846
0.85	0.15	-19.5457
0.85	0.2	-20.7186
0.85	0.25	-21.3478
0.85	0.3	-21.6639
0.85	0.35	-21.8833
0.85	0.4	-22.0631
0.85	0.45	-22.2176
0.85	0.5	-22.3526
0.85	0.55	-22.4712
0.85	0.6	-22.5759
0.85	0.65	-22.6685
0.85	0.7	-22.7505
0.85	0.75	-22.8232
0.85	0.8	-22.8878
0.85	0.85	-22.9451
0.85	0.9	-22.9961
0.85	0.95	-23.0414
0.85	1	-23.0817
0.85	1.05	-23.1175
0.85	1.1	-23.1494
0.85	1.15	-23.1778
0.85	1.2	-23.2031
0.85	1.25	-23.2256
0.85	1.3	-23.2456
0.85	1.35	-23.2635
0.85	1.4	-23.2794
0.85	1.45	-23.2935
0.85	1.5	-23.3061
0.85	1.55	-23.3174
0.85	1.6	-23.3274
0.85	1.65	-23.3363
0.85	1.7	-23.3442
0.85	1.75	-23.3513
0.85	1.8	-23.3576
0.85	1.85	-23.3632
0.85	1.9	-23.3682
0.85	1.95	-23.3727
0.9	-1	-1.88183
0.9	-0.95	-1.88216
0.9	-0.9	-1.9526
0.9	-0.85	-2.34986
0.9	-0.8	-2.83692
0.9	-0.75	-3.34288
0.9	-0.7	-3.87507
0.9	-0.65	-4.43835
0.9	-0.6	-5.02061
0.9	-0.55	-5.63895
0.9	-0.5	-6.28819
0.9	-0.45	-6.96732
0.9	-0.4	-7.6927
0.9	-0.35	-8.44313
0.9	-0.3	-9.24239
0.9	-0.25	-10.0942
0.9	-0.2	-11.0941
0.9	-0.15	-12.4762
0.9	-0.1	-14.3566
0.9	-0.05	-16.3971
0.9	3.19189e-16	-18.1774
0.9	0.05	-19.6343
0.9	0.1	-20.5986
0.9	0.15	-21.0988
0.9	0.2	-21.4129
0.9	0.25	-21.6598
0.9	0.3	-21.8693
0.9	0.35	-22.0513
0.9	0.4	-22.211
0.9	0.45	-22.3517
0.9	0.5	-22.4761
0.9	0.55	-22.5862
0.9	0.6	-22.6838
0.9	0.65	-22.7704
0.9	0.7	-22.8474
0.9	0.75	-22.9157
0.9	0.8	-22.9765
0.9	0.85	-23.0306
0.9	0.9	-23.0786
0.9	0.95	-23.1214
0.9	1	-23.1595
0.9	1.05	-23.1934
0.9	1.1	-23.2236
0.9	1.15	-23.2505
0.9	1.2	-23.2744
0.9	1.25	-23.2957
0.9	1.3	-23.3147
0.9	1.35	-23.3316
0.9	1.4	-23.3467
0.9	1.45	-23.3601
0.9	1.5	-23.372
0.9	1.55	-23.3827
0.9	1.6	-23.3922
0.9	1.65	-23.4006
0.9	1.7	-23.4082
0.9	1.75	-23.4149
0.9	1.8	-23.4209
0.9	1.85	-23.4262
0.9	1.9	-23.431
0.9	1.95	-23.4352
0.95	-1	-1.92676
0.95	-0.95	-1.92905
0.95	-0.9	-2.1063
0.95	-0.85	-2.6204
0.95	-0.8	-3.1835
0.95	-0.75	-3.78351
0.95	-0.7	-4.41471
0.95	-0.65	-5.07706
0.95	-0.6	-5.77807
0.95	-0.55	-6.51656
0.95	-0.5	-7.29479
0.95	-0.45	-8.1177
0.95	-0.4	-8.9884
0.95	-0.35	-9.91043
0.95	-0.3	-10.9556
0.95	-0.25	-12.3152
0.95	-0.2	-14.2204
0.95	-0.15	-16.2518
0.95	-0.1	-18.0121
0.95	-0.05	-19.3932
0.95	3.19189e-16	-20.246
0.95	0.05	-20.7331
0.95	0.1	-21.0827
0.95	0.15	-21.3704
0.95	0.2	-21.6179
0.95	0.25	-21.834
0.95	0.3	-22.024
0.95	0.35	-22.1917
0.95	0.4	-22.3401
0.95	0.45	-22.4715
0.95	0.5	-22.5882
0.95	0.55	-22.6917
0.95	0.6	-22.7837
0.95	0.65	-22.8655
0.95	0.7	-22.9382
0.95	0.75	-23.0029
0.95	0.8	-23.0604
0.95	0.85	-23.1116
0.95	0.9	-23.1572
0.95	0.95	-23.1978
0.95	1	-23.2339
0.95	1.05	-23.2661
0.95	1.1	-23.2948
0.95	1.15	-23.3203
0.95	1.2	-23.3431
0.95	1.25	-23.3633
0.95	1.3	-23.3814
0.95	1.35	-23.3975
0.95	1.4	-23.4118
0.95	1.45	-23.4245
0.95	1.5	-23.4359
0.95	1.55	-23.4461
0.95	1.6	-23.4551
0.95	1.65	-23.4631
0.95	1.7	-23.4703
0.95	1.75	-23.4767
0.95	1.8	-23.4824
0.95	1.85	-23.4875
0.95	1.9	-23.492
0.95	1.95	-23.496
